50 2.615e-06
100 7.241e-06
150 1.4693e-05
200 2.4553e-05
250 3.7245e-05
300 5.2466e-05
350 7.0595e-05
400 9.1149e-05
450 0.000106358
500 0.000131012
550 0.000168483
600 0.000187199
650 0.000218296
700 0.000252773
750 0.000297539
800 0.00032898
850 0.000383931
900 0.000452499
950 0.000494949
1000 0.000555956
1050 0.000584146
1100 0.000613388
1150 0.00067538
1200 0.00045781
1250 0.000320263
1300 0.000341219
1350 0.000367632
1400 0.000397829
1450 0.000423512
1500 0.000455032
1550 0.000483267
1600 0.000619728
1650 0.000326598
1700 0.000352023
1750 0.000389618
1800 0.000472126
1850 0.000528058
1900 0.000626901
1950 0.000700373
2000 0.000775004
2050 0.000848509
2100 0.000898034
2150 0.000607139
2200 0.00058376
2250 0.000640324
2300 0.000619329
2350 0.000654156
2400 0.00067604
2450 0.000720009
2500 0.000714237
2550 0.000772663
2600 0.00084171
2650 0.000800357
2700 0.000824308
2750 0.000856893
2800 0.000917852
2850 0.000927964
2900 0.00099862
2950 0.00105375
3000 0.00104812
3050 0.00103157
3100 0.00105867
3150 0.00109797
3200 0.00119681
3250 0.00121991
3300 0.0012483
3350 0.00125007
3400 0.00127148
3450 0.0013932
3500 0.00141409
3550 0.001395
3600 0.0014246
3650 0.00152487
3700 0.00160081
3750 0.00161188
3800 0.00160951
3850 0.00169231
3900 0.00177316
3950 0.00176206
4000 0.00183887
4050 0.0018791
4100 0.0019003
4150 0.00196448
4200 0.00206213
4250 0.00203012
4300 0.00209872
4350 0.00207119
4400 0.00215648
4450 0.00219179
4500 0.00222707
4550 0.00225593
4600 0.00233237
4650 0.00241312
4700 0.00242179
4750 0.00248563
4800 0.00253707
4850 0.0025785
4900 0.00263741
4950 0.00270182
5000 0.00274073
5050 0.00280447
5100 0.00286338
5150 0.00291823
5200 0.00298535
5250 0.00301366
5300 0.00306488
5350 0.00318063
5400 0.00334937
5450 0.0033289
5500 0.00334364
5550 0.00346872
5600 0.00343123
5650 0.00357111
5700 0.00362715
5750 0.00366066
5800 0.00374464
5850 0.00376737
5900 0.00382046
5950 0.0038872
6000 0.00393072
6050 0.00404886
6100 0.00406354
6150 0.00416247
6200 0.00422751
6250 0.00430685
6300 0.00436834
6350 0.00442454
6400 0.00450393
6450 0.00460694
6500 0.00460807
6550 0.00469766
6600 0.00479859
6650 0.00480134
6700 0.00491537
6750 0.00498664
6800 0.00505256
6850 0.00512595
6900 0.00526243
6950 0.00540423
7000 0.00545021
7050 0.00549462
7100 0.00563873
7150 0.0057134
7200 0.00586749
7250 0.00586653
7300 0.00596287
7350 0.00596792
7400 0.00602527
7450 0.00608
7500 0.0061464
7550 0.00635304
7600 0.00641302
7650 0.00643933
7700 0.00656671
7750 0.00654692
7800 0.00663563
7850 0.00679082
7900 0.00685526
7950 0.0068999
8000 0.00708362
8050 0.00708437
8100 0.00728997
8150 0.00767426
8200 0.00741646
8250 0.00758389
8300 0.00751792
8350 0.0075646
8400 0.00819554
8450 0.00783356
8500 0.00796397
8550 0.00796943
8600 0.00804924
8650 0.00843053
8700 0.00837837
8750 0.00847009
8800 0.00843245
8850 0.00863939
8900 0.00861499
8950 0.00884874
9000 0.00883803
9050 0.00896367
9100 0.0091772
9150 0.00913114
9200 0.00937853
9250 0.00937181
9300 0.00971264
9350 0.00977118
9400 0.0102315
9450 0.00978558
9500 0.00984869
9550 0.0100184
9600 0.0100853
9650 0.0103154
9700 0.0102793
9750 0.0103952
9800 0.0104815
9850 0.0107812
9900 0.0106496
9950 0.0114043
10000 0.0109381
10050 0.0109922
10100 0.0111826
10150 0.011195
10200 0.0119158
10250 0.0116543
10300 0.0115597
10350 0.0118334
10400 0.0118745
10450 0.0119057
10500 0.012088
10550 0.0121262
10600 0.012353
10650 0.0125267
10700 0.0124542
10750 0.0127875
10800 0.0128062
10850 0.0128198
10900 0.013168
10950 0.0131695
11000 0.0131922
11050 0.0136054
11100 0.013571
11150 0.0137106
11200 0.0137295
11250 0.0139527
11300 0.0140819
11350 0.0141436
11400 0.0142511
11450 0.0146359
11500 0.0146099
11550 0.0147096
11600 0.0148067
11650 0.015509
11700 0.0151444
11750 0.0151846
11800 0.0153138
11850 0.0154332
11900 0.0154889
11950 0.0162201
12000 0.0158209
12050 0.0160104
12100 0.0160715
12150 0.0163347
12200 0.0162819
12250 0.0164393
12300 0.0166663
12350 0.0168225
12400 0.016902
12450 0.0170723
12500 0.0172299
12550 0.017321
12600 0.017536
12650 0.0175735
12700 0.0177446
12750 0.0178961
12800 0.0180049
12850 0.0181587
12900 0.0183023
12950 0.0187785
13000 0.0186308
13050 0.018796
13100 0.0188776
13150 0.0190606
13200 0.0192085
13250 0.0193366
13300 0.0194942
13350 0.019605
13400 0.0197439
13450 0.0199315
13500 0.0200265
13550 0.0202651
13600 0.0203776
13650 0.0204742
13700 0.0206975
13750 0.0208603
13800 0.0209621
13850 0.021048
13900 0.0212501
13950 0.0213949
14000 0.0215813
14050 0.0216781
14100 0.0217976
14150 0.0221192
14200 0.0224509
14250 0.0224427
14300 0.0224571
14350 0.0226485
14400 0.0227838
14450 0.0233066
14500 0.0237181
14550 0.0233352
14600 0.0234905
14650 0.0236128
14700 0.0238682
14750 0.0241532
14800 0.024146
14850 0.0242663
14900 0.0246442
14950 0.0245542
15000 0.0247409
15050 0.0248635
15100 0.0250307
15150 0.0251786
15200 0.0253349
15250 0.0256789
15300 0.0257033
15350 0.0259127
15400 0.0260673
15450 0.0262339
15500 0.026444
15550 0.026553
15600 0.0266971
15650 0.0269316
15700 0.0270937
15750 0.0273121
15800 0.0275141
15850 0.0276328
15900 0.0279025
15950 0.0280242
16000 0.0282276
16050 0.0284177
16100 0.0283654
16150 0.0285687
16200 0.0287318
16250 0.0289992
16300 0.0291714
16350 0.0292985
16400 0.0295048
16450 0.0296604
16500 0.0298442
16550 0.0300227
16600 0.0302442
16650 0.0304198
16700 0.0307384
16750 0.0309186
16800 0.0310723
16850 0.0312967
16900 0.031534
16950 0.0317628
17000 0.0320781
17050 0.0320986
17100 0.032224
17150 0.0324537
17200 0.0326693
17250 0.0330304
17300 0.0330262
17350 0.0331293
17400 0.0333568
17450 0.0336051
17500 0.0337555
17550 0.0339505
17600 0.0342856
17650 0.0342973
17700 0.0345256
17750 0.0347017
17800 0.035103
17850 0.0352838
17900 0.0354901
17950 0.0354468
18000 0.0357257
18050 0.0358318
18100 0.0362348
18150 0.0365636
18200 0.0364404
18250 0.0367013
18300 0.0367699
18350 0.0371116
18400 0.0372349
18450 0.0375352
18500 0.0376479
18550 0.0378798
18600 0.0380898
18650 0.0382181
18700 0.0386288
18750 0.0386773
18800 0.0390272
18850 0.0391547
18900 0.039312
18950 0.0395284
19000 0.0396674
19050 0.0399504
19100 0.0401026
19150 0.0403042
19200 0.0406048
19250 0.0408428
19300 0.0406625
19350 0.0405615
19400 0.0407923
19450 0.0410731
19500 0.0412116
19550 0.0414184
19600 0.0416375
19650 0.0418348
19700 0.042078
19750 0.0422775
19800 0.0426175
19850 0.0427056
19900 0.0429419
19950 0.0431435
20000 0.0438311
20050 0.0436473
20100 0.043903
20150 0.0441108
20200 0.0442615
20250 0.0445499
20300 0.044806
20350 0.0449738
20400 0.0452447
20450 0.0455849
20500 0.0456866
20550 0.0460797
20600 0.0461601
20650 0.0464773
20700 0.0466406
20750 0.0467208
20800 0.0471026
20850 0.0472684
20900 0.0474135
20950 0.0476745
21000 0.0479252
21050 0.0482217
21100 0.0484296
21150 0.0486264
21200 0.0488113
21250 0.0490212
21300 0.0492836
21350 0.0494716
21400 0.0502133
21450 0.0506041
21500 0.0502918
21550 0.0505779
21600 0.050843
21650 0.0510003
21700 0.051231
21750 0.0514777
21800 0.0517023
21850 0.0520032
21900 0.0521455
21950 0.0524242
22000 0.0529312
22050 0.0529099
22100 0.0532499
22150 0.0534168
22200 0.0536084
22250 0.0538544
22300 0.054098
22350 0.0544145
22400 0.0547468
22450 0.0548299
22500 0.0551913
22550 0.0556032
22600 0.0557587
22650 0.0558172
22700 0.0560557
22750 0.0564209
22800 0.0565794
22850 0.0568463
22900 0.0570403
22950 0.0573859
23000 0.057573
23050 0.0578748
23100 0.0583783
23150 0.0585035
23200 0.0586782
23250 0.0588321
23300 0.0591301
23350 0.0594598
23400 0.059657
23450 0.0601694
23500 0.0601302
23550 0.0603358
23600 0.0607152
23650 0.0609471
23700 0.0611809
23750 0.0614625
23800 0.0615739
23850 0.0618754
23900 0.0622298
23950 0.0624018
24000 0.0626967
24050 0.0629749
24100 0.0633906
24150 0.0634439
24200 0.0638826
24250 0.0641037
24300 0.0643189
24350 0.0645257
24400 0.064845
24450 0.0650834
24500 0.0658
24550 0.0657144
24600 0.0658051
24650 0.0661514
24700 0.0664264
24750 0.066793
24800 0.067019
24850 0.0671796
24900 0.0674499
24950 0.0678803
25000 0.0681244
25050 0.0684942
25100 0.068543
25150 0.0689444
25200 0.0691759
25250 0.0697647
25300 0.0696823
25350 0.0699343
25400 0.0704065
25450 0.0706021
25500 0.0706043
25550 0.070948
25600 0.0712342
25650 0.0715849
25700 0.0718325
25750 0.0721556
25800 0.0724137
25850 0.0726493
25900 0.0729445
25950 0.0732661
26000 0.0734955
26050 0.0738159
26100 0.074075
26150 0.074462
26200 0.0746943
26250 0.0750277
26300 0.0754958
26350 0.0756081
26400 0.0758976
26450 0.0761908
26500 0.0765236
26550 0.0772452
26600 0.0771536
26650 0.077475
26700 0.0776359
26750 0.0779477
26800 0.0782668
26850 0.0786824
26900 0.0788262
26950 0.0791994
27000 0.0797187
27050 0.080051
27100 0.080196
27150 0.0803791
27200 0.0807225
27250 0.0810149
27300 0.0813283
27350 0.0815728
27400 0.0820169
27450 0.0823939
27500 0.082313
27550 0.0828207
27600 0.0831037
27650 0.0834705
27700 0.0839198
27750 0.0841034
27800 0.0846429
27850 0.084557
27900 0.0850379
27950 0.0854112
28000 0.0854866
28050 0.085765
28100 0.0860695
28150 0.0864299
28200 0.087258
28250 0.087535
28300 0.0873817
28350 0.0877155
28400 0.0879658
28450 0.0882648
28500 0.0888792
28550 0.088872
28600 0.089196
28650 0.0895033
28700 0.0899033
28750 0.0901376
28800 0.0905239
28850 0.0909192
28900 0.091648
28950 0.0913986
29000 0.0917646
29050 0.0923065
29100 0.0925675
29150 0.0928219
29200 0.093024
29250 0.0934012
29300 0.0939864
29350 0.094123
29400 0.0945624
29450 0.0952002
29500 0.0953876
29550 0.0953097
29600 0.0956868
29650 0.0958951
29700 0.0963044
29750 0.0967382
29800 0.0970678
29850 0.0973193
29900 0.0975545
29950 0.0979679
30000 0.0982393
30050 0.0987836
30100 0.0990249
30150 0.0992308
30200 0.0995458
30250 0.0998795
30300 0.100194
30350 0.100796
30400 0.101121
30450 0.101087
30500 0.101501
30550 0.101768
30600 0.102133
30650 0.102522
30700 0.103052
30750 0.103194
30800 0.103495
30850 0.104096
30900 0.10414
30950 0.104547
31000 0.104907
31050 0.105325
31100 0.105606
31150 0.105772
31200 0.106184
31250 0.10657
31300 0.106832
31350 0.107173
31400 0.107524
31450 0.107971
31500 0.108675
31550 0.108689
31600 0.108783
31650 0.108576
31700 0.109358
31750 0.109557
31800 0.109563
31850 0.109849
31900 0.110415
31950 0.110637
32000 0.110965
32050 0.111306
32100 0.111802
32150 0.112152
32200 0.11254
32250 0.113041
32300 0.113357
32350 0.113808
32400 0.113914
32450 0.114218
32500 0.114568
32550 0.114903
32600 0.115665
32650 0.115663
32700 0.116051
32750 0.116581
32800 0.116798
32850 0.117024
32900 0.117554
32950 0.117924
33000 0.118326
33050 0.119058
33100 0.118989
33150 0.119497
33200 0.119749
33250 0.120245
33300 0.120388
33350 0.120749
33400 0.121271
33450 0.12253
33500 0.122248
33550 0.122196
33600 0.122748
33650 0.122846
33700 0.123463
33750 0.12364
33800 0.12393
33850 0.124466
33900 0.12496
33950 0.125197
34000 0.125734
34050 0.125832
34100 0.126265
34150 0.126638
34200 0.127051
34250 0.127344
34300 0.127862
34350 0.128074
34400 0.128423
34450 0.128877
34500 0.129884
34550 0.129849
34600 0.13056
34650 0.13032
34700 0.130954
34750 0.131278
34800 0.131637
34850 0.13196
34900 0.132463
34950 0.132639
35000 0.133024
35050 0.133615
35100 0.134564
35150 0.134262
35200 0.134681
35250 0.135069
35300 0.135398
35350 0.135843
35400 0.137701
35450 0.137163
35500 0.136948
35550 0.137551
35600 0.138041
35650 0.138708
35700 0.139045
35750 0.138867
35800 0.139457
35850 0.139605
35900 0.140115
35950 0.140482
36000 0.141043
36050 0.14161
36100 0.141803
36150 0.142088
36200 0.142597
36250 0.143067
36300 0.143285
36350 0.143672
36400 0.143996
36450 0.144464
36500 0.144967
36550 0.145283
36600 0.145692
36650 0.146414
36700 0.147085
36750 0.147251
36800 0.147233
36850 0.147952
36900 0.148111
36950 0.148604
37000 0.148854
37050 0.149312
37100 0.149667
37150 0.15019
37200 0.150469
37250 0.151053
37300 0.151404
37350 0.152088
37400 0.152461
37450 0.152587
37500 0.153039
37550 0.153962
37600 0.153907
37650 0.154263
37700 0.154556
37750 0.155092
37800 0.155383
37850 0.156041
37900 0.156314
37950 0.156753
38000 0.157054
38050 0.157485
38100 0.158447
38150 0.159118
38200 0.158903
38250 0.159692
38300 0.160227
38350 0.160718
38400 0.160409
38450 0.160895
38500 0.161716
38550 0.162038
38600 0.162583
38650 0.162622
38700 0.163089
38750 0.163401
38800 0.163917
38850 0.164464
38900 0.165315
38950 0.165071
39000 0.165612
39050 0.166232
39100 0.166402
39150 0.166815
39200 0.167561
39250 0.167781
39300 0.168467
39350 0.168485
39400 0.169096
39450 0.169881
39500 0.169928
39550 0.170372
39600 0.170767
39650 0.171311
39700 0.172305
39750 0.172019
39800 0.17252
39850 0.172798
39900 0.173592
39950 0.173798
40000 0.174205
40050 0.174868
40100 0.175039
40150 0.175557
40200 0.176558
40250 0.176376
40300 0.177262
40350 0.177265
40400 0.177809
40450 0.178227
40500 0.178584
40550 0.179265
40600 0.179919
40650 0.179953
40700 0.180918
40750 0.180807
40800 0.181882
40850 0.181728
40900 0.182353
40950 0.182831
41000 0.183039
41050 0.183634
41100 0.184024
41150 0.184908
41200 0.185046
41250 0.185528
41300 0.186111
41350 0.186735
41400 0.187192
41450 0.187742
41500 0.188182
41550 0.188487
41600 0.189022
41650 0.189049
41700 0.189837
41750 0.189998
41800 0.190397
41850 0.190897
41900 0.191557
41950 0.191775
42000 0.192068
42050 0.192604
42100 0.193128
42150 0.193559
42200 0.19412
42250 0.194486
42300 0.195947
42350 0.196266
42400 0.195962
42450 0.196678
42500 0.196861
42550 0.197316
42600 0.197813
42650 0.199193
42700 0.199207
42750 0.199224
42800 0.199551
42850 0.200067
42900 0.201397
42950 0.201553
43000 0.201584
43050 0.201969
43100 0.202905
43150 0.202933
43200 0.203944
43250 0.204019
43300 0.204628
43350 0.205392
43400 0.205956
43450 0.206662
43500 0.206349
43550 0.207774
43600 0.207315
43650 0.208005
43700 0.208889
43750 0.209323
43800 0.209682
43850 0.209615
43900 0.210141
43950 0.210693
44000 0.211665
44050 0.211556
44100 0.212139
44150 0.213234
44200 0.213381
44250 0.213713
44300 0.214045
44350 0.214678
44400 0.214822
44450 0.215395
44500 0.216223
44550 0.216433
44600 0.2171
44650 0.217226
44700 0.21778
44750 0.218413
44800 0.218831
44850 0.219225
44900 0.220704
44950 0.220542
