50 2.31e-05
100 9.2287e-05
150 0.00020255
200 0.000285154
250 0.000425842
300 0.00057588
350 0.00111509
400 0.00146768
450 0.00110751
500 0.000511663
550 0.000597541
600 0.000617929
650 0.000706242
700 0.000848548
750 0.000969245
800 0.00111476
850 0.00121781
900 0.00138086
950 0.00151992
1000 0.00168332
1050 0.00178626
1100 0.00190187
1150 0.00209132
1200 0.0022578
1250 0.00248166
1300 0.00270449
1350 0.00290058
1400 0.00316736
1450 0.0033793
1500 0.00356551
1550 0.00385297
1600 0.00414997
1650 0.00439141
1700 0.00463201
1750 0.00493947
1800 0.00576241
1850 0.00554491
1900 0.00585748
1950 0.00610786
2000 0.0065244
2050 0.00666867
2100 0.00705411
2150 0.00736935
2200 0.00793382
2250 0.00811961
2300 0.00844256
2350 0.00901611
2400 0.00938897
2450 0.00958675
2500 0.00988837
2550 0.0103611
2600 0.0108741
2650 0.0117517
2700 0.0115912
2750 0.0122332
2800 0.0126478
2850 0.0131164
2900 0.0134469
2950 0.0139089
3000 0.0144566
3050 0.014644
3100 0.015621
3150 0.0158623
3200 0.0164205
3250 0.0167718
3300 0.0175656
3350 0.0182046
3400 0.018535
3450 0.0190441
3500 0.0196682
3550 0.0202319
3600 0.0208901
3650 0.0213894
3700 0.0220501
3750 0.0223133
3800 0.0235741
3850 0.0236878
3900 0.0243153
3950 0.0253197
4000 0.0255602
4050 0.0271297
4100 0.0270596
4150 0.0279844
4200 0.0281939
4250 0.0293518
4300 0.0296812
4350 0.0340121
4400 0.0313447
4450 0.0316568
4500 0.0324125
4550 0.0330413
4600 0.0347443
4650 0.045643
4700 0.0357544
4750 0.0362614
4800 0.0379647
4850 0.0375339
4900 0.0384822
4950 0.040032
5000 0.0403577
5050 0.0410611
5100 0.0416161
5150 0.0432393
5200 0.0434115
5250 0.0443433
5300 0.0455862
5350 0.0457783
5400 0.0473858
5450 0.0475423
5500 0.0486614
5550 0.0496682
5600 0.0505111
5650 0.0510682
5700 0.053173
5750 0.0535389
5800 0.0544755
5850 0.0555037
5900 0.0556318
5950 0.0568377
6000 0.0578143
6050 0.0588519
6100 0.0596863
6150 0.0606129
6200 0.0627863
6250 0.0634129
6300 0.0635105
6350 0.0651289
6400 0.065106
6450 0.0668936
6500 0.0678636
6550 0.0679838
6600 0.0704647
6650 0.0709515
6700 0.0743187
6750 0.0734879
6800 0.0737248
6850 0.0752402
6900 0.0765055
6950 0.0838098
7000 0.0797151
7050 0.0840379
7100 0.0831049
7150 0.0835569
7200 0.0829735
7250 0.0850791
7300 0.0850586
7350 0.086489
7400 0.0876193
7450 0.0891225
7500 0.0913213
7550 0.0925083
7600 0.0930188
7650 0.094638
7700 0.0949182
7750 0.0963296
7800 0.0993577
7850 0.0983714
7900 0.09983
7950 0.100911
8000 0.102338
8050 0.10434
8100 0.105075
8150 0.106801
8200 0.112087
8250 0.109718
8300 0.110056
8350 0.111929
8400 0.112734
8450 0.114227
8500 0.117738
8550 0.117157
8600 0.118334
8650 0.120402
8700 0.123208
8750 0.125674
8800 0.124414
8850 0.125006
8900 0.127632
8950 0.13063
9000 0.130133
9050 0.13144
9100 0.136287
9150 0.135925
9200 0.135715
9250 0.137056
9300 0.145333
9350 0.14009
9400 0.142925
9450 0.142949
9500 0.144332
9550 0.147092
9600 0.152495
9650 0.149653
9700 0.15095
9750 0.154255
9800 0.154796
9850 0.155538
9900 0.15765
9950 0.158906
10000 0.160711
10050 0.16341
10100 0.163167
10150 0.164542
10200 0.168083
10250 0.169266
10300 0.169167
10350 0.172073
10400 0.174298
10450 0.183113
10500 0.178257
10550 0.178909
10600 0.18137
10650 0.182965
10700 0.184837
10750 0.185167
10800 0.18793
10850 0.19059
10900 0.192077
10950 0.193041
11000 0.194698
11050 0.196075
11100 0.198628
11150 0.199762
11200 0.201258
11250 0.20343
11300 0.206051
11350 0.20712
11400 0.208811
11450 0.210927
11500 0.213043
11550 0.212982
11600 0.214891
11650 0.217991
11700 0.219967
11750 0.222202
11800 0.223354
11850 0.225757
11900 0.228516
11950 0.229803
12000 0.230683
12050 0.235457
12100 0.23429
12150 0.23575
12200 0.238355
12250 0.244928
12300 0.248451
12350 0.245558
12400 0.246864
12450 0.24956
12500 0.252096
12550 0.252213
12600 0.255061
12650 0.257121
12700 0.258894
12750 0.260883
12800 0.263559
12850 0.264098
12900 0.267991
12950 0.26908
13000 0.275067
13050 0.273039
13100 0.276273
13150 0.277692
13200 0.280658
13250 0.281618
13300 0.283242
13350 0.285731
13400 0.288976
13450 0.290397
13500 0.296329
13550 0.294488
13600 0.299518
13650 0.299528
13700 0.301261
13750 0.303018
13800 0.305893
13850 0.31011
13900 0.311664
13950 0.312529
14000 0.316175
14050 0.323775
14100 0.319922
14150 0.322833
14200 0.32389
14250 0.327064
14300 0.327784
14350 0.33076
14400 0.348114
14450 0.335636
14500 0.338915
14550 0.339647
14600 0.347574
14650 0.347622
14700 0.346233
14750 0.349366
14800 0.357071
14850 0.356363
14900 0.359535
14950 0.358335
15000 0.360017
15050 0.363048
15100 0.368387
15150 0.36946
15200 0.371335
15250 0.390793
15300 0.374598
15350 0.378042
15400 0.381492
15450 0.383339
15500 0.386411
15550 0.389469
15600 0.391439
15650 0.393588
15700 0.405587
15750 0.399876
15800 0.400235
15850 0.401869
15900 0.405978
15950 0.409067
16000 0.411161
16050 0.414575
16100 0.41912
16150 0.421449
16200 0.432533
16250 0.427234
16300 0.430132
16350 0.435293
16400 0.438875
16450 0.434497
16500 0.436709
16550 0.440081
16600 0.47819
16650 0.446882
16700 0.448757
16750 0.45312
16800 0.469135
16850 0.465769
16900 0.459422
16950 0.461848
17000 0.47172
17050 0.467407
17100 0.46941
17150 0.472802
17200 0.480364
17250 0.476178
17300 0.489648
17350 0.48792
17400 0.486905
17450 0.499048
17500 0.497667
17550 0.495135
17600 0.496182
17650 0.504038
17700 0.507518
17750 0.521861
17800 0.506967
17850 0.513322
17900 0.513793
17950 0.529779
18000 0.517656
18050 0.519528
18100 0.525717
18150 0.528917
18200 0.535044
18250 0.53489
18300 0.538293
18350 0.541407
18400 0.545429
18450 0.579842
18500 0.559822
18550 0.549485
18600 0.566914
18650 0.562253
18700 0.563835
18750 0.565018
18800 0.568693
18850 0.589504
18900 0.575901
18950 0.576776
19000 0.57957
19050 0.582877
19100 0.599822
19150 0.601831
19200 0.591012
19250 0.595824
19300 0.59871
19350 0.601464
19400 0.61685
19450 0.608206
19500 0.609762
19550 0.614763
19600 0.644957
19650 0.620472
19700 0.631298
19750 0.625877
19800 0.655546
19850 0.632201
19900 0.635206
19950 0.639688
20000 0.642562
20050 0.643671
20100 0.660301
20150 0.666555
20200 0.660679
20250 0.658264
20300 0.665052
20350 0.664581
20400 0.668008
20450 0.677093
20500 0.675856
20550 0.677398
20600 0.680055
20650 0.686362
20700 0.688072
20750 0.696316
20800 0.700154
20850 0.715635
20900 0.707234
20950 0.704337
21000 0.71087
21050 0.712746
21100 0.717821
21150 0.72941
21200 0.724448
21250 0.750171
21300 0.728318
21350 0.730401
21400 0.740358
21450 0.738254
21500 0.746063
21550 0.746101
21600 0.751774
21650 0.754892
21700 0.756479
21750 0.760392
21800 0.760732
21850 0.77704
21900 0.770351
21950 0.773551
22000 0.777415
22050 0.782275
22100 0.792233
22150 0.787648
22200 0.79844
22250 0.793197
22300 0.812837
22350 0.803197
22400 0.808116
22450 0.813363
22500 0.811754
22550 0.817912
22600 0.840233
22650 0.829735
22700 0.828612
22750 0.831773
22800 0.835569
22850 0.857787
22900 0.856114
22950 0.84676
23000 0.849705
23050 0.860741
23100 0.858304
23150 0.863121
23200 0.863484
23250 0.875138
23300 0.89484
23350 0.881282
23400 0.877965
23450 0.902126
23500 0.887743
23550 0.894562
23600 0.902142
23650 0.898933
23700 0.914153
23750 0.908739
23800 0.917731
23850 0.917234
23900 0.920401
23950 0.932014
24000 0.92924
24050 0.932284
24100 0.93665
24150 0.93981
24200 0.945791
24250 0.947629
24300 0.953045
24350 0.960206
24400 0.963135
24450 0.968854
24500 0.970087
24550 0.976865
24600 0.978644
24650 0.9948
24700 1.00127
24750 0.989746
24800 1.00084
24850 1.00118
24900 1.00349
24950 1.00795
25000 1.01407
25050 1.02319
25100 1.02632
25150 1.02355
25200 1.03123
25250 1.04035
25300 1.03328
25350 1.05932
25400 1.04518
25450 1.04989
25500 1.05875
25550 1.05642
25600 1.07672
25650 1.06649
25700 1.07714
25750 1.08364
25800 1.07986
25850 1.08824
25900 1.08351
25950 1.09254
26000 1.0965
26050 1.10359
26100 1.09991
26150 1.1101
26200 1.11409
26250 1.11325
26300 1.12078
26350 1.13524
26400 1.12806
26450 1.14279
26500 1.16379
26550 1.15639
26600 1.15438
26650 1.14643
26700 1.15553
26750 1.15959
26800 1.16295
26850 1.18425
26900 1.17319
26950 1.20661
27000 1.18678
27050 1.18687
27100 1.18771
27150 1.19354
27200 1.2284
27250 1.2053
27300 1.21454
27350 1.21729
27400 1.21648
27450 1.21994
27500 1.23403
27550 1.23271
27600 1.23366
27650 1.26119
27700 1.24808
27750 1.26007
27800 1.25215
27850 1.25333
27900 1.27471
27950 1.26572
28000 1.26975
28050 1.27585
28100 1.30784
28150 1.28417
28200 1.29975
28250 1.30484
28300 1.31359
28350 1.30436
28400 1.3041
28450 1.32407
28500 1.31416
28550 1.32689
28600 1.32643
28650 1.33208
28700 1.33261
28750 1.35539
28800 1.3424
28850 1.37521
28900 1.36143
28950 1.36723
29000 1.36638
29050 1.37156
29100 1.38288
29150 1.37604
29200 1.3798
29250 1.39567
29300 1.39663
29350 1.39493
29400 1.40119
29450 1.42384
29500 1.41104
29550 1.414
29600 1.43431
29650 1.44716
29700 1.44221
29750 1.44793
29800 1.44845
29850 1.45826
29900 1.44794
29950 1.46141
30000 1.46122
30050 1.48088
30100 1.48879
30150 1.48081
30200 1.47551
30250 1.48673
30300 1.4996
30350 1.5006
30400 1.49456
30450 1.52671
30500 1.52026
30550 1.5319
30600 1.52558
30650 1.53617
30700 1.55111
30750 1.55394
30800 1.56111
30850 1.54857
30900 1.55165
30950 1.55356
31000 1.55893
31050 1.58139
31100 1.56695
31150 1.56638
31200 1.58006
31250 1.584
31300 1.58996
31350 1.6275
31400 1.60458
31450 1.61017
31500 1.61216
31550 1.62586
31600 1.61968
31650 1.62259
31700 1.63344
31750 1.63904
31800 1.6498
31850 1.64759
31900 1.64586
31950 1.64866
32000 1.66259
32050 1.66479
32100 1.66704
32150 1.6714
32200 1.69109
32250 1.68121
32300 1.70014
32350 1.69046
32400 1.70879
32450 1.75717
32500 1.71312
32550 1.71696
32600 1.74145
32650 1.74372
32700 1.73492
32750 1.7544
32800 1.74603
32850 1.74598
32900 1.77347
32950 1.76335
33000 1.77376
33050 1.76614
33100 1.77318
33150 1.81751
33200 1.79026
33250 1.79463
33300 1.80863
33350 1.81714
33400 1.79962
33450 1.81196
33500 1.81339
33550 1.82391
33600 1.82839
33650 1.83552
33700 1.86231
33750 1.82971
33800 1.84636
33850 1.84813
33900 1.89429
33950 1.90497
34000 1.89036
34050 1.88926
34100 1.91533
34150 1.90407
34200 1.9227
34250 1.9278
34300 1.91784
34350 1.91845
34400 1.92443
34450 1.91124
34500 1.92355
34550 1.92687
34600 1.93392
34650 1.93188
34700 1.94861
34750 1.94999
34800 1.95099
34850 1.96803
34900 1.96183
34950 1.97134
35000 1.97951
35050 1.97941
35100 1.99221
35150 1.99865
35200 2.00489
35250 2.00692
35300 2.01883
35350 2.02112
35400 2.01828
35450 2.05204
35500 2.03088
35550 2.08842
35600 2.05138
35650 2.05341
35700 2.05124
35750 2.06413
35800 2.08124
35850 2.07396
35900 2.08316
35950 2.09327
36000 2.09324
36050 2.09598
36100 2.11263
36150 2.10501
36200 2.12734
36250 2.13712
36300 2.14306
36350 2.14052
36400 2.127
36450 2.14718
36500 2.16144
36550 2.16716
36600 2.16536
36650 2.17614
36700 2.18812
36750 2.17706
36800 2.18568
36850 2.18739
36900 2.19168
36950 2.19891
37000 2.20873
37050 2.22379
37100 2.21579
37150 2.23686
37200 2.25774
37250 2.23412
37300 2.25823
37350 2.26297
37400 2.26644
37450 2.26799
37500 2.27246
37550 2.28821
37600 2.28199
37650 2.29148
37700 2.29714
37750 2.32753
37800 2.32137
37850 2.32038
37900 2.31788
37950 2.33597
38000 2.34694
38050 2.33319
38100 2.34607
38150 2.35657
38200 2.38427
38250 2.3758
38300 2.37932
38350 2.38086
38400 2.38028
38450 2.40315
38500 2.40782
38550 2.40248
38600 2.42135
38650 2.42784
38700 2.48381
38750 2.43674
38800 2.42545
38850 2.4457
38900 2.48857
38950 2.45109
39000 2.48294
39050 2.48119
39100 2.46644
39150 2.49867
39200 2.48943
39250 2.49262
39300 2.5042
39350 2.50399
39400 2.51074
39450 2.51682
39500 2.51923
39550 2.53478
39600 2.56341
39650 2.54218
39700 2.549
39750 2.57424
39800 2.56198
39850 2.58189
39900 2.57726
39950 2.57904
40000 2.62006
40050 2.60529
40100 2.61353
40150 2.61154
40200 2.64288
40250 2.61171
40300 2.65288
40350 2.63587
40400 2.64461
40450 2.63627
40500 2.65465
40550 2.65
40600 2.68551
40650 2.68598
40700 2.68364
40750 2.70482
40800 2.69382
40850 2.68994
40900 2.71326
40950 2.71603
41000 2.70954
41050 2.71863
41100 2.72524
41150 2.78205
41200 2.74046
41250 2.7441
41300 2.75355
41350 2.7762
41400 2.7686
41450 2.78709
41500 2.79274
41550 2.78017
41600 2.80183
41650 2.80408
41700 2.79927
41750 2.8142
41800 2.8328
41850 2.82287
41900 2.83745
41950 2.8443
42000 2.91655
42050 2.85497
42100 2.88331
42150 2.86582
42200 2.8721
42250 2.8793
42300 2.89388
42350 2.91012
42400 2.90775
42450 2.91553
42500 2.97188
42550 2.92267
42600 2.95298
42650 2.93845
42700 2.94911
42750 2.95546
42800 2.95995
42850 3.0025
42900 2.98125
42950 2.99074
43000 2.99027
43050 2.99026
43100 3.0022
43150 3.00242
43200 3.0302
43250 3.02597
43300 3.02881
43350 3.06187
43400 3.05574
43450 3.07766
43500 3.05464
43550 3.08652
43600 3.08785
43650 3.08039
43700 3.10158
43750 3.09709
43800 3.11384
43850 3.11015
43900 3.14156
43950 3.10768
44000 3.12446
44050 3.14184
44100 3.13429
44150 3.13995
44200 3.16611
44250 3.16741
44300 3.18623
44350 3.18522
44400 3.21557
44450 3.21543
44500 3.18844
44550 3.20543
44600 3.27222
44650 3.23074
44700 3.2654
44750 3.25626
44800 3.28321
44850 3.25291
44900 3.27802
44950 3.28329
