50 1.072e-06
100 9.23e-07
150 1.122e-06
200 1.432e-06
250 1.643e-06
300 1.938e-06
350 2.218e-06
400 2.532e-06
450 2.843e-06
500 3.154e-06
550 3.474e-06
600 3.791e-06
650 4.079e-06
700 4.384e-06
750 4.685e-06
800 4.993e-06
850 5.296e-06
900 5.635e-06
950 5.908e-06
1000 6.223e-06
1050 6.542e-06
1100 6.83e-06
1150 7.174e-06
1200 7.509e-06
1250 7.794e-06
1300 8.09e-06
1350 8.379e-06
1400 8.757e-06
1450 9.022e-06
1500 9.345e-06
1550 9.647e-06
1600 9.916e-06
1650 1.0248e-05
1700 1.0569e-05
1750 1.087e-05
1800 1.1163e-05
1850 1.1457e-05
1900 1.1767e-05
1950 1.2084e-05
2000 1.2401e-05
2050 1.2716e-05
2100 1.303e-05
2150 1.3345e-05
2200 1.3648e-05
2250 1.3961e-05
2300 1.4268e-05
2350 1.4574e-05
2400 1.4881e-05
2450 1.5189e-05
2500 1.55e-05
2550 1.4681e-05
2600 1.4967e-05
2650 1.5251e-05
2700 1.5535e-05
2750 1.5819e-05
2800 1.6101e-05
2850 1.6383e-05
2900 1.6667e-05
2950 1.6948e-05
3000 1.7244e-05
3050 1.7539e-05
3100 1.784e-05
3150 1.8113e-05
3200 1.8384e-05
3250 1.8659e-05
3300 1.8943e-05
3350 1.9256e-05
3400 1.9547e-05
3450 1.9821e-05
3500 2.0092e-05
3550 2.0412e-05
3600 2.0699e-05
3650 1.682e-05
3700 1.5899e-05
3750 1.6208e-05
3800 1.6452e-05
3850 1.6644e-05
3900 1.7091e-05
3950 1.7082e-05
4000 1.7335e-05
4050 1.7692e-05
4100 1.7708e-05
4150 1.7966e-05
4200 1.8166e-05
4250 1.9743e-05
4300 1.9906e-05
4350 1.9301e-05
4400 1.8959e-05
4450 1.9138e-05
4500 1.9382e-05
4550 1.9558e-05
4600 1.9841e-05
4650 2.0078e-05
4700 2.0205e-05
4750 2.043e-05
4800 2.0617e-05
4850 2.0872e-05
4900 2.1087e-05
4950 2.1362e-05
5000 2.1609e-05
5050 2.1786e-05
5100 2.195e-05
5150 2.2118e-05
5200 2.2331e-05
5250 2.2561e-05
5300 2.2886e-05
5350 2.2983e-05
5400 2.3204e-05
5450 2.3551e-05
5500 2.3725e-05
5550 2.3789e-05
5600 2.4085e-05
5650 2.4299e-05
5700 2.4591e-05
5750 2.4801e-05
5800 2.5009e-05
5850 2.5076e-05
5900 2.5341e-05
5950 2.5508e-05
6000 2.5776e-05
6050 2.6058e-05
6100 2.6214e-05
6150 2.6542e-05
6200 2.6724e-05
6250 2.69e-05
6300 2.7855e-05
6350 3.8015e-05
6400 2.8011e-05
6450 2.7869e-05
6500 2.8112e-05
6550 2.8167e-05
6600 2.8435e-05
6650 2.8518e-05
6700 2.874e-05
6750 2.9146e-05
6800 2.9253e-05
6850 2.9352e-05
6900 2.9925e-05
6950 3.0879e-05
7000 2.9966e-05
7050 3.0859e-05
7100 3.0596e-05
7150 4.1593e-05
7200 3.0838e-05
7250 3.1021e-05
7300 3.1221e-05
7350 3.1523e-05
7400 3.1712e-05
7450 3.1916e-05
7500 3.222e-05
7550 3.4987e-05
7600 3.5149e-05
7650 3.5317e-05
7700 3.5441e-05
7750 3.5736e-05
7800 3.6089e-05
7850 3.6696e-05
7900 3.6421e-05
7950 5.0829e-05
8000 3.9027e-05
8050 4.023e-05
8100 3.7331e-05
8150 3.7694e-05
8200 3.7938e-05
8250 3.7987e-05
8300 3.8694e-05
8350 3.8653e-05
8400 3.8962e-05
8450 3.8921e-05
8500 3.9391e-05
8550 3.9367e-05
8600 3.4364e-05
8650 3.4567e-05
8700 3.4843e-05
8750 3.5192e-05
8800 3.5207e-05
8850 3.5524e-05
8900 3.3717e-05
8950 3.3835e-05
9000 3.3977e-05
9050 3.4169e-05
9100 3.4273e-05
9150 3.4478e-05
9200 3.4555e-05
9250 3.4845e-05
9300 3.5038e-05
9350 3.5078e-05
9400 3.571e-05
9450 3.1496e-05
9500 3.176e-05
9550 3.6104e-05
9600 3.204e-05
9650 3.2462e-05
9700 3.2385e-05
9750 3.2449e-05
9800 3.2793e-05
9850 3.2803e-05
9900 4.4372e-05
9950 3.3097e-05
10000 2.8555e-05
10050 2.8784e-05
10100 2.901e-05
10150 2.8944e-05
10200 2.9384e-05
10250 2.9378e-05
10300 2.9575e-05
10350 2.9809e-05
10400 2.9751e-05
10450 2.9811e-05
10500 3.0144e-05
10550 3.0154e-05
10600 2.9127e-05
10650 2.6648e-05
10700 2.6728e-05
10750 2.6869e-05
10800 2.7008e-05
10850 2.7151e-05
10900 2.7402e-05
10950 2.7533e-05
11000 2.748e-05
11050 2.765e-05
11100 2.7745e-05
11150 2.7995e-05
11200 2.8023e-05
11250 2.4115e-05
11300 2.426e-05
11350 2.4335e-05
11400 2.4436e-05
11450 2.4816e-05
11500 2.4723e-05
11550 2.4812e-05
11600 2.5656e-05
11650 2.6424e-05
11700 2.3488e-05
11750 2.3536e-05
11800 2.3686e-05
11850 2.3754e-05
11900 2.385e-05
11950 2.3901e-05
12000 2.4188e-05
12050 2.4582e-05
12100 2.447e-05
12150 2.4708e-05
12200 2.4626e-05
12250 2.5529e-05
12300 2.128e-05
12350 2.1325e-05
12400 2.149e-05
12450 2.1517e-05
12500 2.1552e-05
12550 2.1782e-05
12600 2.182e-05
12650 2.1921e-05
12700 2.1961e-05
12750 2.2044e-05
12800 2.2094e-05
12850 2.2259e-05
12900 2.2287e-05
12950 2.2396e-05
13000 2.2536e-05
13050 1.9297e-05
13100 1.9326e-05
13150 1.9425e-05
13200 1.9461e-05
13250 1.9626e-05
13300 1.9505e-05
13350 1.9638e-05
13400 1.9768e-05
13450 1.9764e-05
13500 1.9969e-05
13550 1.8523e-05
13600 1.8704e-05
13650 1.8662e-05
13700 1.8841e-05
13750 2.5808e-05
13800 2.0353e-05
13850 2.0334e-05
13900 2.0376e-05
13950 2.0545e-05
14000 2.0628e-05
14050 2.0666e-05
14100 2.0752e-05
14150 2.0796e-05
14200 2.145e-05
14250 2.3623e-05
14300 2.1004e-05
14350 2.1114e-05
14400 2.1118e-05
14450 2.1284e-05
14500 2.1283e-05
14550 2.6528e-05
14600 2.1433e-05
14650 2.1491e-05
14700 2.1573e-05
14750 2.1827e-05
14800 2.1896e-05
14850 2.1929e-05
14900 2.19e-05
14950 2.1931e-05
15000 2.2087e-05
15050 2.2051e-05
15100 2.2184e-05
15150 2.2396e-05
15200 2.2332e-05
15250 2.2396e-05
15300 2.2611e-05
15350 2.256e-05
15400 2.2779e-05
15450 2.2813e-05
15500 2.2895e-05
15550 2.4872e-05
15600 2.2896e-05
15650 2.314e-05
15700 2.3014e-05
15750 2.3106e-05
15800 2.3403e-05
15850 2.3432e-05
15900 2.3323e-05
15950 2.3383e-05
16000 2.3453e-05
16050 2.3741e-05
16100 2.3597e-05
16150 2.3857e-05
16200 2.3928e-05
16250 2.3802e-05
16300 2.3908e-05
16350 2.3981e-05
16400 2.9054e-05
16450 2.4286e-05
16500 2.4265e-05
16550 2.4273e-05
16600 2.4552e-05
16650 2.4424e-05
16700 2.4503e-05
16750 2.4574e-05
16800 2.465e-05
16850 2.5139e-05
16900 2.4981e-05
16950 2.5044e-05
17000 2.4961e-05
17050 2.5075e-05
17100 2.5066e-05
17150 2.5169e-05
17200 2.5412e-05
17250 2.8116e-05
17300 2.5355e-05
17350 2.5407e-05
17400 2.5545e-05
17450 2.5865e-05
17500 2.5859e-05
17550 2.5777e-05
17600 2.5816e-05
17650 2.5886e-05
17700 2.6158e-05
17750 2.603e-05
17800 2.6923e-05
17850 2.8049e-05
17900 2.6465e-05
17950 2.6494e-05
18000 2.6371e-05
18050 2.691e-05
18100 2.6783e-05
18150 2.6597e-05
18200 2.6761e-05
18250 2.6977e-05
18300 2.6817e-05
18350 2.6882e-05
18400 2.6973e-05
18450 2.7027e-05
18500 2.7323e-05
18550 2.7235e-05
18600 2.7365e-05
18650 2.7317e-05
18700 2.7633e-05
18750 2.7674e-05
18800 3.0708e-05
18850 2.7746e-05
18900 2.7949e-05
18950 2.7843e-05
19000 2.8085e-05
19050 2.8173e-05
19100 2.8001e-05
19150 2.8339e-05
19200 2.8483e-05
19250 2.8435e-05
19300 2.8514e-05
19350 2.837e-05
19400 2.8469e-05
19450 2.8698e-05
19500 3.2568e-05
19550 2.8852e-05
19600 3.2931e-05
19650 2.876e-05
19700 2.8861e-05
19750 2.896e-05
19800 2.9133e-05
19850 2.9104e-05
19900 2.9376e-05
19950 2.9517e-05
20000 2.9301e-05
20050 2.9443e-05
20100 2.9473e-05
20150 2.9519e-05
20200 2.9505e-05
20250 2.9663e-05
20300 2.9975e-05
20350 3.001e-05
20400 2.9905e-05
20450 3.0183e-05
20500 3.0024e-05
20550 3.0106e-05
20600 3.0158e-05
20650 3.0242e-05
20700 3.0569e-05
20750 3.0488e-05
20800 3.0486e-05
20850 3.0769e-05
20900 3.0668e-05
20950 3.0966e-05
21000 3.1064e-05
21050 3.639e-05
21100 3.1187e-05
21150 3.1329e-05
21200 3.1147e-05
21250 3.1377e-05
21300 3.1477e-05
21350 3.1497e-05
21400 3.1515e-05
21450 3.1411e-05
21500 3.1493e-05
21550 3.1821e-05
21600 3.1706e-05
21650 3.1704e-05
21700 3.186e-05
21750 3.41e-05
21800 3.2193e-05
21850 3.2259e-05
21900 3.2176e-05
21950 3.2232e-05
22000 3.2524e-05
22050 3.2323e-05
22100 3.2391e-05
22150 3.2482e-05
22200 3.255e-05
22250 3.2681e-05
22300 3.2723e-05
22350 3.274e-05
22400 3.6384e-05
22450 3.3117e-05
22500 3.3246e-05
22550 3.3059e-05
22600 3.3377e-05
22650 3.3458e-05
22700 3.3547e-05
22750 3.3314e-05
22800 3.3686e-05
22850 3.3432e-05
22900 3.3798e-05
22950 3.3913e-05
23000 3.3958e-05
23050 3.606e-05
23100 3.3855e-05
23150 3.4191e-05
23200 3.4282e-05
23250 3.4084e-05
23300 3.4616e-05
23350 3.4543e-05
23400 3.4583e-05
23450 3.4364e-05
23500 3.44e-05
23550 3.4746e-05
23600 3.4849e-05
23650 4.1793e-05
23700 4.7285e-05
23750 3.6894e-05
23800 3.5165e-05
23850 3.4949e-05
23900 3.5129e-05
23950 3.5081e-05
24000 3.5477e-05
24050 3.525e-05
24100 3.5515e-05
24150 3.5666e-05
24200 3.5475e-05
24250 3.5534e-05
24300 4.1557e-05
24350 3.5695e-05
24400 3.6036e-05
24450 3.6112e-05
24500 3.5845e-05
24550 3.5972e-05
24600 3.6328e-05
24650 3.6111e-05
24700 3.6223e-05
24750 3.656e-05
24800 3.6335e-05
24850 3.6508e-05
24900 3.6721e-05
24950 3.6385e-05
25000 3.6676e-05
25050 3.6796e-05
25100 3.6774e-05
25150 3.6858e-05
25200 3.6837e-05
25250 3.7062e-05
25300 3.7395e-05
25350 3.7132e-05
25400 3.8028e-05
25450 3.7595e-05
25500 3.9669e-05
25550 3.7457e-05
25600 3.7795e-05
25650 3.7843e-05
25700 3.7674e-05
25750 3.771e-05
25800 3.8082e-05
25850 3.7937e-05
25900 3.7911e-05
25950 3.8348e-05
26000 3.8132e-05
26050 4.5823e-05
26100 4.0963e-05
26150 3.8372e-05
26200 3.8389e-05
26250 3.8336e-05
26300 3.8525e-05
26350 3.8603e-05
26400 3.8734e-05
26450 3.906e-05
26500 3.9139e-05
26550 3.9233e-05
26600 3.9036e-05
26650 3.9042e-05
26700 3.9447e-05
26750 3.919e-05
26800 3.9492e-05
26850 3.7268e-05
26900 3.9438e-05
26950 3.9526e-05
27000 3.9519e-05
27050 3.9765e-05
27100 3.9679e-05
27150 4.3722e-05
27200 4.6063e-05
27250 3.992e-05
27300 4.0329e-05
27350 4.0058e-05
27400 4.0257e-05
27450 4.0244e-05
27500 4.0645e-05
27550 4.0365e-05
27600 4.0422e-05
27650 4.0818e-05
27700 4.7487e-05
27750 4.0735e-05
27800 4.071e-05
27850 4.1162e-05
27900 4.0807e-05
27950 4.1263e-05
28000 4.103e-05
28050 4.1009e-05
28100 4.1186e-05
28150 4.148e-05
28200 4.665e-05
28250 4.1743e-05
28300 4.1787e-05
28350 4.1505e-05
28400 4.187e-05
28450 4.4162e-05
28500 4.2228e-05
28550 4.2226e-05
28600 4.214e-05
28650 4.2174e-05
28700 4.2094e-05
28750 4.2484e-05
28800 4.2364e-05
28850 4.2677e-05
28900 4.2245e-05
28950 4.2805e-05
29000 4.29e-05
29050 4.2503e-05
29100 4.3022e-05
29150 4.2846e-05
29200 4.2868e-05
29250 4.3156e-05
29300 4.3285e-05
29350 4.3008e-05
29400 4.3119e-05
29450 4.3231e-05
29500 4.3652e-05
29550 4.3412e-05
29600 4.3784e-05
29650 4.3497e-05
29700 4.3625e-05
29750 4.5475e-05
29800 4.3972e-05
29850 4.3797e-05
29900 4.3814e-05
29950 4.3787e-05
30000 4.419e-05
30050 4.4107e-05
30100 4.4625e-05
30150 4.5073e-05
30200 4.4266e-05
30250 4.4949e-05
30300 4.4736e-05
30350 4.469e-05
30400 4.4998e-05
30450 4.487e-05
30500 4.7907e-05
30550 4.7513e-05
30600 4.49e-05
30650 4.5251e-05
30700 4.5339e-05
30750 4.5053e-05
30800 4.547e-05
30850 4.5357e-05
30900 4.5368e-05
30950 4.5719e-05
31000 4.5718e-05
31050 4.5604e-05
31100 4.5638e-05
31150 4.5726e-05
31200 4.6142e-05
31250 4.5836e-05
31300 4.5898e-05
31350 4.578e-05
31400 4.6229e-05
31450 4.601e-05
31500 4.6056e-05
31550 4.6263e-05
31600 4.6353e-05
31650 4.6447e-05
31700 4.653e-05
31750 4.661e-05
31800 4.6921e-05
31850 4.71e-05
31900 4.6856e-05
31950 4.7101e-05
32000 4.6849e-05
32050 4.7083e-05
32100 4.7329e-05
32150 4.7145e-05
32200 4.7263e-05
32250 4.7402e-05
32300 4.751e-05
32350 4.7434e-05
32400 4.7567e-05
32450 4.7875e-05
32500 4.7694e-05
32550 4.7606e-05
32600 5.2054e-05
32650 4.7906e-05
32700 4.6954e-05
32750 4.4637e-05
32800 4.6249e-05
32850 4.844e-05
32900 4.7287e-05
32950 4.4872e-05
33000 4.508e-05
33050 4.519e-05
33100 4.5471e-05
33150 4.5589e-05
33200 4.5387e-05
33250 4.5553e-05
33300 4.5607e-05
33350 4.5531e-05
33400 4.5663e-05
33450 4.5635e-05
33500 4.6123e-05
33550 4.619e-05
33600 4.6175e-05
33650 4.6071e-05
33700 4.6069e-05
33750 4.6236e-05
33800 4.6172e-05
33850 4.6136e-05
33900 4.6225e-05
33950 4.6266e-05
34000 4.6523e-05
34050 4.6282e-05
34100 4.8956e-05
34150 4.6499e-05
34200 4.6781e-05
34250 4.6991e-05
34300 4.6802e-05
34350 4.6971e-05
34400 4.7093e-05
34450 4.6989e-05
34500 4.7226e-05
34550 4.7262e-05
34600 5.3956e-05
34650 4.9983e-05
34700 4.7484e-05
34750 4.7774e-05
34800 4.7609e-05
34850 4.8e-05
34900 4.7757e-05
34950 4.798e-05
35000 4.8146e-05
35050 4.8127e-05
35100 4.7922e-05
35150 4.8387e-05
35200 4.832e-05
35250 4.8178e-05
35300 4.9619e-05
35350 4.8568e-05
35400 4.9106e-05
35450 4.8523e-05
35500 5.0721e-05
35550 4.8877e-05
35600 4.8704e-05
35650 4.8805e-05
35700 5.2257e-05
35750 5.3558e-05
35800 4.8987e-05
35850 4.8934e-05
35900 5.4735e-05
35950 5.292e-05
36000 4.9325e-05
36050 4.9634e-05
36100 5.3753e-05
36150 5.4127e-05
36200 4.9442e-05
36250 4.9794e-05
36300 4.966e-05
36350 4.9871e-05
36400 5.772e-05
36450 4.9889e-05
36500 4.9886e-05
36550 4.9966e-05
36600 4.9986e-05
36650 5.1293e-05
36700 5.0216e-05
36750 5.0366e-05
36800 5.0321e-05
36850 5.0336e-05
36900 5.0312e-05
36950 5.0573e-05
37000 5.0839e-05
37050 5.0892e-05
37100 5.0984e-05
37150 5.077e-05
37200 5.0864e-05
37250 5.0846e-05
37300 5.1022e-05
37350 5.1076e-05
37400 5.1172e-05
37450 5.1341e-05
37500 5.1339e-05
37550 5.1165e-05
37600 5.148e-05
37650 5.1664e-05
37700 5.1609e-05
37750 5.1587e-05
37800 5.503e-05
37850 5.3284e-05
37900 5.1751e-05
37950 5.1779e-05
38000 5.1947e-05
38050 5.2057e-05
38100 5.6789e-05
38150 5.2186e-05
38200 5.2286e-05
38250 5.2317e-05
38300 5.2345e-05
38350 5.2235e-05
38400 5.2615e-05
38450 5.2614e-05
38500 5.2471e-05
38550 5.7303e-05
38600 5.2548e-05
38650 5.4379e-05
38700 5.4173e-05
38750 5.3693e-05
38800 5.3252e-05
38850 5.3135e-05
38900 5.2996e-05
38950 5.3211e-05
39000 5.6204e-05
39050 5.3452e-05
39100 5.3303e-05
39150 5.3507e-05
39200 5.3501e-05
39250 5.3738e-05
39300 5.3499e-05
39350 5.3868e-05
39400 5.398e-05
39450 5.3908e-05
39500 5.7925e-05
39550 5.3913e-05
39600 5.4069e-05
39650 5.4253e-05
39700 5.4059e-05
39750 5.4186e-05
39800 5.4383e-05
39850 5.4614e-05
39900 5.4314e-05
39950 5.4636e-05
40000 5.4685e-05
40050 5.4781e-05
40100 5.4618e-05
40150 5.4922e-05
40200 5.5194e-05
40250 5.4792e-05
40300 5.5225e-05
40350 5.5412e-05
40400 5.5055e-05
40450 5.5323e-05
40500 5.5275e-05
40550 5.5273e-05
40600 5.5494e-05
40650 5.5503e-05
40700 5.562e-05
40750 5.7909e-05
40800 5.5862e-05
40850 5.565e-05
40900 5.5877e-05
40950 5.6054e-05
41000 5.5966e-05
41050 6.9536e-05
41100 6.1624e-05
41150 6.2583e-05
41200 6.3199e-05
41250 5.957e-05
41300 5.7601e-05
41350 5.7976e-05
41400 5.7799e-05
41450 5.7958e-05
41500 5.8062e-05
41550 6.0449e-05
41600 5.8243e-05
41650 5.8164e-05
41700 5.8394e-05
41750 6.0249e-05
41800 5.8672e-05
41850 5.8466e-05
41900 5.865e-05
41950 5.8856e-05
42000 5.8584e-05
42050 5.8833e-05
42100 5.9068e-05
42150 5.8951e-05
42200 5.9097e-05
42250 5.9261e-05
42300 5.9243e-05
42350 5.9419e-05
42400 5.9585e-05
42450 5.9198e-05
42500 5.966e-05
42550 5.9745e-05
42600 5.9462e-05
42650 5.9557e-05
42700 5.9784e-05
42750 6.0124e-05
42800 5.9907e-05
42850 6.0404e-05
42900 6.0067e-05
42950 6.0358e-05
43000 6.0089e-05
43050 6.0364e-05
43100 6.0315e-05
43150 6.0664e-05
43200 6.038e-05
43250 6.0758e-05
43300 6.0996e-05
43350 6.1239e-05
43400 6.2136e-05
43450 6.1831e-05
43500 6.1399e-05
43550 6.1448e-05
43600 6.0851e-05
43650 6.1265e-05
43700 6.1907e-05
43750 6.1362e-05
43800 6.1608e-05
43850 6.1612e-05
43900 6.2741e-05
43950 6.1554e-05
44000 6.3329e-05
44050 6.7213e-05
44100 6.302e-05
44150 6.6277e-05
44200 6.4105e-05
44250 6.1988e-05
44300 6.5849e-05
44350 6.0382e-05
44400 5.6855e-05
44450 5.6767e-05
44500 5.7311e-05
44550 5.6955e-05
44600 5.7373e-05
44650 6.0486e-05
44700 6.1014e-05
44750 5.7353e-05
44800 5.7126e-05
44850 5.7373e-05
44900 5.7652e-05
44950 5.764e-05
