50 2.3115e-05
100 7.4033e-05
150 0.000152536
200 0.000268237
250 0.00041742
300 0.000570024
350 0.000749437
400 0.000897536
450 0.000887372
500 0.000846545
550 0.00103447
600 0.00127378
650 0.00142106
700 0.00154794
750 0.00183274
800 0.00216794
850 0.00250271
900 0.00293259
950 0.00301169
1000 0.00335884
1050 0.00367949
1100 0.00408025
1150 0.0044568
1200 0.00476123
1250 0.00510302
1300 0.00577114
1350 0.00590893
1400 0.00651241
1450 0.00640979
1500 0.00677017
1550 0.0079623
1600 0.00849423
1650 0.00857996
1700 0.00890342
1750 0.00723186
1800 0.00824508
1850 0.00970293
1900 0.0097978
1950 0.0102754
2000 0.00959075
2050 0.0105316
2100 0.00995953
2150 0.0118218
2200 0.0117998
2250 0.0158996
2300 0.0128082
2350 0.0122502
2400 0.0176393
2450 0.013634
2500 0.0166188
2550 0.014934
2600 0.015089
2650 0.0155788
2700 0.0160786
2750 0.019151
2800 0.0185036
2850 0.0186084
2900 0.0187141
2950 0.0191128
3000 0.0207776
3050 0.0244597
3100 0.0214259
3150 0.0218891
3200 0.0220596
3250 0.0232023
3300 0.0249667
3350 0.0264204
3400 0.0253649
3450 0.0256464
3500 0.0262097
3550 0.0274587
3600 0.0274728
3650 0.0292194
3700 0.0297726
3750 0.0300671
3800 0.0308979
3850 0.0321371
3900 0.0325992
3950 0.03279
4000 0.0341598
4050 0.0346501
4100 0.0355432
4150 0.0370835
4200 0.0390186
4250 0.0398206
4300 0.0403234
4350 0.0404239
4400 0.0417368
4450 0.0412754
4500 0.0433495
4550 0.0434476
4600 0.0441512
4650 0.0448103
4700 0.0465357
4750 0.0495855
4800 0.0489768
4850 0.0501414
4900 0.0499986
4950 0.0531792
5000 0.0521582
5050 0.0552999
5100 0.05565
5150 0.0583053
5200 0.0603245
5250 0.061932
5300 0.0605492
5350 0.0609318
5400 0.0670541
5450 0.0636325
5500 0.0620567
5550 0.0633787
5600 0.0672739
5650 0.0762291
5700 0.0664919
5750 0.0685564
5800 0.0711463
5850 0.0849087
5900 0.0714131
5950 0.0745385
6000 0.0866171
6050 0.0798285
6100 0.076282
6150 0.077615
6200 0.0798967
6250 0.0822462
6300 0.0826878
6350 0.0884547
6400 0.0841298
6450 0.0862144
6500 0.0894292
6550 0.0883518
6600 0.0901687
6650 0.0907972
6700 0.0913176
6750 0.09513
6800 0.0953282
6850 0.098476
6900 0.0973325
6950 0.0996192
7000 0.100672
7050 0.105469
7100 0.123687
7150 0.105595
7200 0.10494
7250 0.133663
7300 0.108429
7350 0.125187
7400 0.112426
7450 0.115378
7500 0.1284
7550 0.116971
7600 0.121212
7650 0.119079
7700 0.125308
7750 0.122331
7800 0.125308
7850 0.125597
7900 0.127675
7950 0.130357
8000 0.129362
8050 0.130416
8100 0.133216
8150 0.136884
8200 0.144779
8250 0.137939
8300 0.140435
8350 0.141415
8400 0.144231
8450 0.149402
8500 0.145578
8550 0.148725
8600 0.15134
8650 0.153352
8700 0.154226
8750 0.156211
8800 0.160701
8850 0.162301
8900 0.161515
8950 0.167739
9000 0.165111
9050 0.167343
9100 0.166778
9150 0.171252
9200 0.171154
9250 0.174235
9300 0.175619
9350 0.176395
9400 0.180451
9450 0.184476
9500 0.184995
9550 0.184658
9600 0.186014
9650 0.189115
9700 0.191273
9750 0.191236
9800 0.196363
9850 0.199043
9900 0.199595
9950 0.203691
10000 0.203668
10050 0.206107
10100 0.208762
10150 0.209339
10200 0.209698
10250 0.213466
10300 0.214463
10350 0.215915
10400 0.221403
10450 0.221171
10500 0.224871
10550 0.22408
10600 0.225973
10650 0.228757
10700 0.233351
10750 0.234589
10800 0.238165
10850 0.237976
10900 0.240187
10950 0.245345
11000 0.245365
11050 0.248274
11100 0.251472
11150 0.251333
11200 0.257021
11250 0.253992
11300 0.258253
11350 0.270616
11400 0.263763
11450 0.264443
11500 0.272919
11550 0.276172
11600 0.272862
11650 0.276303
11700 0.276239
11750 0.282649
11800 0.280283
11850 0.285664
11900 0.285741
11950 0.288461
12000 0.297085
12050 0.294696
12100 0.294526
12150 0.315997
12200 0.298777
12250 0.309965
12300 0.306662
12350 0.309573
12400 0.313743
12450 0.316074
12500 0.314074
12550 0.322238
12600 0.318543
12650 0.32917
12700 0.328331
12750 0.328261
12800 0.332908
12850 0.333473
12900 0.337723
12950 0.336946
13000 0.349896
13050 0.344564
13100 0.34741
13150 0.350437
13200 0.355759
13250 0.355668
13300 0.356652
13350 0.358741
13400 0.366225
13450 0.433188
13500 0.368576
13550 0.374845
13600 0.381237
13650 0.379948
13700 0.381176
13750 0.383022
13800 0.384462
13850 0.391369
13900 0.396126
13950 0.393633
14000 0.394942
14050 0.399269
14100 0.40954
14150 0.407556
14200 0.416649
14250 0.425434
14300 0.420995
14350 0.420753
14400 0.444634
14450 0.422028
14500 0.434373
14550 0.430487
14600 0.431844
14650 0.439438
14700 0.43647
14750 0.440749
14800 0.442406
14850 0.446741
14900 0.446863
14950 0.451634
15000 0.455167
15050 0.463466
15100 0.458925
15150 0.464045
15200 0.468045
15250 0.469735
15300 0.476845
15350 0.475178
15400 0.479962
15450 0.485059
15500 0.486441
15550 0.490477
15600 0.492176
15650 0.494154
15700 0.498899
15750 0.507003
15800 0.507642
15850 0.529678
15900 0.511755
15950 0.51523
16000 0.518128
16050 0.518133
16100 0.531364
16150 0.530922
16200 0.533593
16250 0.534504
16300 0.541025
16350 0.548736
16400 0.54259
16450 0.5539
16500 0.55396
16550 0.563299
16600 0.565276
16650 0.564401
16700 0.562157
16750 0.567827
16800 0.570856
16850 0.577021
16900 0.576432
16950 0.579821
17000 0.584214
17050 0.603494
17100 0.593688
17150 0.601501
17200 0.608689
17250 0.612273
17300 0.607438
17350 0.609867
17400 0.61516
17450 0.614242
17500 0.636945
17550 0.636413
17600 0.700441
17650 0.746396
17700 0.642082
17750 0.643567
17800 0.640627
17850 0.645872
17900 0.648668
17950 0.665694
18000 0.6584
18050 0.656016
18100 0.663051
18150 0.673227
18200 0.677692
18250 0.677004
18300 0.686038
18350 0.682791
18400 0.69468
18450 0.690457
18500 0.701109
18550 0.696245
18600 0.703108
18650 0.70705
18700 0.705742
18750 0.724214
18800 0.713709
18850 0.7223
18900 0.718654
18950 0.727706
19000 0.753144
19050 0.731913
19100 0.73843
19150 0.748607
19200 0.744043
19250 0.747439
19300 0.750638
19350 0.761101
19400 0.77528
19450 0.78176
19500 0.787071
19550 0.797259
19600 0.776569
19650 0.774822
19700 0.78918
19750 0.791446
19800 0.794242
19850 0.80874
19900 0.807173
19950 0.806954
20000 0.804547
20050 0.809865
20100 0.813125
20150 0.822188
20200 0.826251
20250 0.826113
20300 0.830749
20350 0.834371
20400 0.845504
20450 0.847944
20500 0.849888
20550 0.851408
20600 0.874581
20650 0.862157
20700 0.877457
20750 0.86695
20800 0.875856
20850 0.874239
20900 0.916771
20950 0.884597
21000 0.904484
21050 0.893099
21100 0.902039
21150 0.902399
21200 0.904389
21250 0.913592
21300 0.914608
21350 0.914851
21400 0.922176
21450 0.924758
21500 0.936311
21550 0.943549
21600 0.950866
21650 0.952987
21700 0.947487
21750 0.958954
21800 0.972085
21850 0.978075
21900 0.969442
21950 0.977153
22000 0.979789
22050 0.986558
22100 1.00909
22150 1.00251
22200 1.011
22250 1.00075
22300 1.03034
22350 1.00995
22400 1.007
22450 1.02864
22500 1.02104
22550 1.03988
22600 1.03799
22650 1.03216
22700 1.03698
22750 1.09691
22800 1.14115
22850 1.05545
22900 1.05696
22950 1.0933
23000 1.06082
23050 1.07577
23100 1.09616
23150 1.12525
23200 1.09288
23250 1.14784
23300 1.09286
23350 1.14874
23400 1.07296
23450 0.516525
23500 0.519157
23550 0.532724
23600 0.528055
23650 0.536425
23700 0.52703
23750 0.529844
23800 0.532738
23850 0.533635
23900 0.545208
23950 0.53752
24000 0.545206
24050 0.540234
24100 0.548106
24150 0.560429
24200 0.553539
24250 0.552749
24300 0.55412
24350 0.55324
24400 0.554081
24450 0.563939
24500 0.561744
24550 0.562366
24600 0.566893
24650 0.566094
24700 0.570323
24750 0.573164
24800 0.574799
24850 0.579123
24900 0.583737
24950 0.58817
25000 0.584086
25050 0.593435
25100 0.588526
25150 0.593397
25200 0.596047
25250 0.595613
25300 0.597788
25350 0.599377
25400 0.602574
25450 0.60787
25500 0.607771
25550 0.61671
25600 0.612216
25650 0.62234
25700 0.616215
25750 0.618993
25800 0.622126
25850 0.62467
25900 0.628579
25950 0.633397
26000 0.633585
26050 0.640036
26100 0.635459
26150 0.638946
26200 0.646676
26250 0.64645
26300 0.649059
26350 0.652902
26400 0.655856
26450 0.66954
26500 0.657244
26550 0.666854
26600 0.664678
26650 0.667347
26700 0.669695
26750 0.671581
26800 0.674044
26850 0.679363
26900 0.681436
26950 0.681919
27000 0.693567
27050 0.699086
27100 0.690675
27150 0.692577
27200 0.695834
27250 0.696813
27300 0.700599
27350 0.708719
27400 0.709176
27450 0.715161
27500 0.727072
27550 0.711752
27600 0.716629
27650 0.723452
27700 0.720025
27750 0.723352
27800 0.726751
27850 0.726324
27900 0.730081
27950 0.73244
28000 0.738021
28050 0.739216
28100 0.739428
28150 0.752302
28200 0.746121
28250 0.749356
28300 0.751324
28350 0.753773
28400 0.762282
28450 0.76149
28500 0.769377
28550 0.766507
28600 0.790338
28650 0.769341
28700 0.786561
28750 0.776582
28800 0.781167
28850 0.796151
28900 0.787722
28950 0.789008
29000 0.820932
29050 0.797743
29100 0.811683
29150 0.798937
29200 0.804646
29250 0.809971
29300 0.821193
29350 0.818574
29400 0.810431
29450 0.813346
29500 0.816098
29550 0.826999
29600 0.826633
29650 0.827629
29700 0.838922
29750 0.835631
29800 0.845129
29850 0.836565
29900 0.84992
29950 0.843987
30000 0.848432
30050 0.849158
30100 0.852835
30150 0.862522
30200 0.856797
30250 0.881024
30300 0.860237
30350 0.871546
30400 0.870603
30450 0.869849
30500 0.888942
30550 0.887343
30600 0.88057
30650 0.88209
30700 0.884103
30750 0.893699
30800 0.895862
30850 0.897807
30900 0.915893
30950 0.905876
31000 0.907667
31050 0.914451
31100 0.907785
31150 0.91486
31200 0.921739
31250 0.928255
31300 0.918731
31350 0.924884
31400 0.961037
31450 0.933838
31500 0.95142
31550 0.941715
31600 0.939965
31650 0.941294
31700 0.943461
31750 0.949419
31800 0.973039
31850 0.958123
31900 0.962331
31950 0.957672
32000 0.9832
32050 0.973211
32100 0.977909
32150 0.99531
32200 0.988724
32250 0.999482
32300 0.978019
32350 0.99057
32400 0.993806
32450 1.00132
32500 0.995331
32550 0.996658
32600 0.998345
32650 1.00678
32700 1.00597
32750 1.01104
32800 1.01664
32850 1.02365
32900 1.01964
32950 1.0196
33000 1.0297
33050 1.02733
33100 1.04064
33150 1.05043
33200 1.03473
33250 1.05541
33300 1.04489
33350 1.04603
33400 1.05129
33450 1.06274
33500 1.05834
33550 1.06997
33600 1.06792
33650 1.06337
33700 1.06888
33750 1.09678
33800 1.1103
33850 1.07608
33900 1.08803
33950 1.08837
34000 1.08839
34050 1.1029
34100 1.09654
34150 1.11632
34200 1.10388
34250 1.10575
34300 1.10944
34350 1.13048
34400 1.12087
34450 1.12332
34500 1.11918
34550 1.12162
34600 1.12342
34650 1.12916
34700 1.1335
34750 1.13362
34800 1.16617
34850 1.15433
34900 1.14478
34950 1.15146
35000 1.16175
35050 1.17433
35100 1.17154
35150 1.17106
35200 1.1734
35250 1.16885
35300 1.17207
35350 1.17595
35400 1.18991
35450 1.19189
35500 1.19866
35550 1.20716
35600 1.19267
35650 1.20515
35700 1.20026
35750 1.20146
35800 1.20506
35850 1.2146
35900 1.21663
35950 1.24545
36000 1.21825
36050 1.23573
36100 1.25197
36150 1.22786
36200 1.23915
36250 1.24713
36300 1.24849
36350 1.2627
36400 1.26427
36450 1.25132
36500 1.25921
36550 1.25409
36600 1.2995
36650 1.27069
36700 1.26746
36750 1.27507
36800 1.27167
36850 1.2758
36900 1.28226
36950 1.28209
37000 1.30731
37050 1.29587
37100 1.30246
37150 1.29711
37200 1.30852
37250 1.30446
37300 1.3061
37350 1.31788
37400 1.31277
37450 1.32028
37500 1.31969
37550 1.32514
37600 1.33727
37650 1.34023
37700 1.33528
37750 1.34679
37800 1.34909
37850 1.34876
37900 1.35102
37950 1.35374
38000 1.36858
38050 1.35759
38100 1.36559
38150 1.3668
38200 1.38247
38250 1.3843
38300 1.37857
38350 1.39009
38400 1.39049
38450 1.38965
38500 1.40158
38550 1.3975
38600 1.40141
38650 1.40633
38700 1.41363
38750 1.41662
38800 1.42283
38850 1.42624
38900 1.42509
38950 1.41872
39000 1.44227
39050 1.42635
39100 1.43426
39150 1.44012
39200 1.46696
39250 1.44333
39300 1.45638
39350 1.44867
39400 1.45518
39450 1.45511
39500 1.46359
39550 1.47401
39600 1.47098
39650 1.49163
39700 1.47443
39750 1.47702
39800 1.49665
39850 1.48649
39900 1.50937
39950 1.52217
40000 1.5026
40050 1.49994
40100 1.51171
40150 1.5117
40200 1.51539
40250 1.51741
40300 1.54031
40350 1.55662
40400 1.52677
40450 1.54143
40500 1.53498
40550 1.56177
40600 1.54906
40650 1.57863
40700 1.55063
40750 1.55921
40800 1.56441
40850 1.60288
40900 1.56986
40950 1.57391
41000 1.6032
41050 1.58412
41100 1.5844
41150 1.62815
41200 1.6696
41250 1.60181
41300 1.59501
41350 1.60647
41400 1.60679
41450 1.60999
41500 1.61548
41550 1.62521
41600 1.62645
41650 1.63213
41700 1.62791
41750 1.6336
41800 1.64346
41850 1.64328
41900 1.65368
41950 1.65811
42000 1.71928
42050 1.65963
42100 1.66487
42150 1.663
42200 1.6685
42250 1.68963
42300 1.67713
42350 1.6963
42400 1.68246
42450 1.68826
42500 1.69732
42550 1.69839
42600 1.69783
42650 1.73522
42700 1.71477
42750 1.73213
42800 1.75624
42850 1.74831
42900 1.7233
42950 1.74363
43000 1.75698
43050 1.7493
43100 1.76048
43150 1.77237
43200 1.78177
43250 1.78531
43300 1.76011
43350 1.83873
43400 1.83355
43450 1.77014
43500 1.78735
43550 1.78357
43600 1.77975
43650 1.80512
43700 1.82848
43750 1.8117
43800 1.89021
43850 1.93544
43900 1.89602
43950 1.90195
44000 1.89843
44050 1.88393
44100 1.905
44150 1.86405
44200 1.83686
44250 1.84603
44300 1.83972
44350 1.86491
44400 1.85089
44450 1.85689
44500 1.86055
44550 1.86903
44600 1.86548
44650 1.88959
44700 1.87721
44750 1.88885
44800 1.89508
44850 1.8991
44900 1.88598
44950 1.90052


