50 8.976e-06
100 3.0437e-05
150 6.558e-05
200 0.000115437
250 0.000178843
300 0.000255349
350 0.00032638
400 0.000410615
450 0.000508777
500 0.000576371
550 0.000661059
600 0.000784544
650 0.00091564
700 0.000531219
750 0.00046562
800 0.000525586
850 0.000584395
900 0.000667264
950 0.000829765
1000 0.000897151
1050 0.000707732
1100 0.000674803
1150 0.000740861
1200 0.000865204
1250 0.00101724
1300 0.00121492
1350 0.00134851
1400 0.0010837
1450 0.000974076
1500 0.00105883
1550 0.0011367
1600 0.00123846
1650 0.00126674
1700 0.0013147
1750 0.00137874
1800 0.00172727
1850 0.00160781
1900 0.00167486
1950 0.00179788
2000 0.00213955
2050 0.00195152
2100 0.00212877
2150 0.00235733
2200 0.00223755
2250 0.00244717
2300 0.00250435
2350 0.00270418
2400 0.00279174
2450 0.00275918
2500 0.00305694
2550 0.00293519
2600 0.00329051
2650 0.0034893
2700 0.00338463
2750 0.00372914
2800 0.00349465
2850 0.00396498
2900 0.00412255
2950 0.00394283
3000 0.00438755
3050 0.00458064
3100 0.00457809
3150 0.00466841
3200 0.00492553
3250 0.00506995
3300 0.00513027
3350 0.00506003
3400 0.00520259
3450 0.00547685
3500 0.00549728
3550 0.00581183
3600 0.00594431
3650 0.00591691
3700 0.00613982
3750 0.00645425
3800 0.00673308
3850 0.00662501
3900 0.00672753
3950 0.00688216
4000 0.00771717
4050 0.00718694
4100 0.0074858
4150 0.00745891
4200 0.00765916
4250 0.00832646
4300 0.00806576
4350 0.00828579
4400 0.00844203
4450 0.00874386
4500 0.00895301
4550 0.00903782
4600 0.00929733
4650 0.00941841
4700 0.0106689
4750 0.00991829
4800 0.010019
4850 0.0103322
4900 0.010427
4950 0.0107532
5000 0.0108487
5050 0.0112579
5100 0.0113922
5150 0.0115217
5200 0.0118266
5250 0.0119129
5300 0.0123815
5350 0.0127136
5400 0.0126035
5450 0.0131379
5500 0.0134961
5550 0.0133747
5600 0.01415
5650 0.0139585
5700 0.0141834
5750 0.0143217
5800 0.0146602
5850 0.015014
5900 0.0154118
5950 0.0153753
6000 0.0163025
6050 0.0159973
6100 0.016212
6150 0.016542
6200 0.0168719
6250 0.0171804
6300 0.017372
6350 0.0176319
6400 0.0177542
6450 0.0183621
6500 0.0184801
6550 0.0188823
6600 0.0190109
6650 0.0192084
6700 0.0195675
6750 0.019908
6800 0.0201195
6850 0.0206429
6900 0.0211416
6950 0.0209982
7000 0.0213973
7050 0.0215493
7100 0.0218467
7150 0.0223223
7200 0.0226998
7250 0.0228922
7300 0.0232377
7350 0.023472
7400 0.0241114
7450 0.0243821
7500 0.024608
7550 0.0249574
7600 0.0251023
7650 0.0254279
7700 0.0259268
7750 0.026446
7800 0.0265943
7850 0.0267357
7900 0.0273823
7950 0.0275965
8000 0.0279763
8050 0.0283204
8100 0.0283917
8150 0.0287516
8200 0.0291706
8250 0.0295304
8300 0.0305911
8350 0.0303456
8400 0.0305396
8450 0.0309426
8500 0.0315372
8550 0.0317217
8600 0.0322123
8650 0.032508
8700 0.0328296
8750 0.033235
8800 0.0335404
8850 0.034004
8900 0.0342623
8950 0.0346403
9000 0.0351519
9050 0.0354613
9100 0.0358493
9150 0.0362327
9200 0.0368133
9250 0.037116
9300 0.0374942
9350 0.0378858
9400 0.0388004
9450 0.0396792
9500 0.0391537
9550 0.039715
9600 0.0398979
9650 0.0405042
9700 0.0413434
9750 0.0411917
9800 0.04168
9850 0.0419625
9900 0.0424339
9950 0.043317
10000 0.0432616
10050 0.0437687
10100 0.0442104
10150 0.0445843
10200 0.0450573
10250 0.0455248
10300 0.0460825
10350 0.046407
10400 0.0467611
10450 0.0474021
10500 0.0477887
10550 0.0485557
10600 0.0486673
10650 0.0491171
10700 0.0499341
10750 0.0500663
10800 0.0505635
10850 0.0512991
10900 0.0514598
10950 0.0521611
11000 0.0523395
11050 0.0528734
11100 0.053441
11150 0.0539452
11200 0.0542816
11250 0.0548332
11300 0.0554527
11350 0.0557558
11400 0.056204
11450 0.0567349
11500 0.0572703
11550 0.0576803
11600 0.0586701
11650 0.0587719
11700 0.0592847
11750 0.0601016
11800 0.0606136
11850 0.061502
11900 0.0615649
11950 0.061952
12000 0.0630294
12050 0.0630522
12100 0.0636832
12150 0.0640029
12200 0.0648379
12250 0.0649474
12300 0.0661444
12350 0.0661964
12400 0.0670812
12450 0.0673004
12500 0.0680765
12550 0.068721
12600 0.0688385
12650 0.0695209
12700 0.0700462
12750 0.0710192
12800 0.0711647
12850 0.0715563
12900 0.0721251
12950 0.0727801
13000 0.0731568
13050 0.0741431
13100 0.0743841
13150 0.0752035
13200 0.0756823
13250 0.0761795
13300 0.0768306
13350 0.0772592
13400 0.0777943
13450 0.0785511
13500 0.0791867
13550 0.0797918
13600 0.080258
13650 0.0807249
13700 0.0813853
13750 0.0821832
13800 0.0828289
13850 0.0832086
13900 0.0839518
13950 0.0844208
14000 0.0850734
14050 0.085789
14100 0.0862779
14150 0.0868144
14200 0.0875362
14250 0.088702
14300 0.105129
14350 0.0976047
14400 0.0923319
14450 0.0916488
14500 0.0922859
14550 0.0936835
14600 0.0938828
14650 0.0947215
14700 0.0951111
14750 0.0953294
14800 0.0960376
14850 0.0966298
14900 0.0986038
14950 0.09825
15000 0.0984839
15050 0.0992816
15100 0.100274
15150 0.100888
15200 0.101543
15250 0.102016
15300 0.103358
15350 0.103282
15400 0.103954
15450 0.105121
15500 0.10575
15550 0.106281
15600 0.107122
15650 0.107447
15700 0.108517
15750 0.108886
15800 0.109544
15850 0.110098
15900 0.110938
15950 0.111456
16000 0.112545
16050 0.113179
16100 0.11348
16150 0.114245
16200 0.114973
16250 0.115653
16300 0.116884
16350 0.117246
16400 0.118224
16450 0.118631
16500 0.119331
16550 0.120572
16600 0.12075
16650 0.12171
16700 0.122751
16750 0.123039
16800 0.12415
16850 0.124496
16900 0.125308
16950 0.125942
17000 0.126623
17050 0.127387
17100 0.128231
17150 0.128941
17200 0.129997
17250 0.130942
17300 0.131723
17350 0.134127
17400 0.133684
17450 0.133207
17500 0.134076
17550 0.134746
17600 0.135538
17650 0.136275
17700 0.137039
17750 0.137893
17800 0.138652
17850 0.139533
17900 0.140297
17950 0.141112
18000 0.141991
18050 0.142974
18100 0.14334
18150 0.144173
18200 0.144932
18250 0.145794
18300 0.146699
18350 0.14805
18400 0.148813
18450 0.149359
18500 0.150534
18550 0.152355
18600 0.152071
18650 0.152929
18700 0.154472
18750 0.155322
18800 0.155497
18850 0.154743
18900 0.15546
18950 0.156695
19000 0.158075
19050 0.158069
19100 0.159543
19150 0.16018
19200 0.161642
19250 0.161727
19300 0.165333
19350 0.164346
19400 0.183007
19450 0.177748
19500 0.176221
19550 0.176676
19600 0.170347
19650 0.173584
19700 0.175523
19750 0.188557
19800 0.175917
19850 0.171727
19900 0.174494
19950 0.174381
20000 0.174024
20050 0.175103
20100 0.175862
20150 0.177155
20200 0.17753
20250 0.178808
20300 0.179761
20350 0.180202
20400 0.181396
20450 0.182
20500 0.182883
20550 0.183701
20600 0.185268
20650 0.185946
20700 0.186465
20750 0.187377
20800 0.188245
20850 0.189235
20900 0.191185
20950 0.191266
21000 0.192099
21050 0.193577
21100 0.194002
21150 0.195316
21200 0.195607
21250 0.196777
21300 0.19749
21350 0.198386
21400 0.199296
21450 0.200318
21500 0.201817
21550 0.203018
21600 0.203437
21650 0.204166
21700 0.20492
21750 0.205905
21800 0.207456
21850 0.207977
21900 0.208749
21950 0.209945
22000 0.210761
22050 0.211734
22100 0.2127
22150 0.214044
22200 0.214665
22250 0.2155
22300 0.216541
22350 0.217502
22400 0.219421
22450 0.219612
22500 0.220767
22550 0.221414
22600 0.2227
22650 0.224289
22700 0.224882
22750 0.22567
22800 0.226601
22850 0.228702
22900 0.22879
22950 0.229478
23000 0.230822
23050 0.231552
23100 0.23337
23150 0.233903
23200 0.234636
23250 0.235685
23300 0.236514
23350 0.238584
23400 0.23857
23450 0.239668
23500 0.242238
23550 0.24248
23600 0.243169
23650 0.244272
23700 0.245385
23750 0.246344
23800 0.246902
23850 0.247986
23900 0.248806
23950 0.250506
24000 0.251119
24050 0.253067
24100 0.253263
24150 0.25431
24200 0.255011
24250 0.256881
24300 0.257154
24350 0.258422
24400 0.260115
24450 0.260458
24500 0.261442
24550 0.262445
24600 0.264073
24650 0.265229
24700 0.2658
24750 0.267096
24800 0.268766
24850 0.268932
24900 0.270158
24950 0.271533
25000 0.272674
25050 0.273547
25100 0.274369
25150 0.275508
25200 0.276551
25250 0.278069
25300 0.278891
25350 0.279893
25400 0.281369
25450 0.282209
25500 0.283455
25550 0.284505
25600 0.286033
25650 0.286721
25700 0.287842
25750 0.289666
25800 0.290575
25850 0.2924
25900 0.29329
25950 0.293328
26000 0.295505
26050 0.296047
26100 0.297712
26150 0.297971
26200 0.299222
26250 0.300313
26300 0.302644
26350 0.3033
26400 0.304003
26450 0.305918
26500 0.306103
26550 0.308521
26600 0.308998
26650 0.310385
26700 0.311681
26750 0.31242
26800 0.312996
26850 0.314311
26900 0.316369
26950 0.316524
27000 0.319401
27050 0.319605
27100 0.320183
27150 0.321351
27200 0.322523
27250 0.323521
27300 0.325001
27350 0.326028
27400 0.327105
27450 0.32856
27500 0.330553
27550 0.330972
27600 0.33197
27650 0.333197
27700 0.335097
27750 0.336307
27800 0.337025
27850 0.337969
27900 0.340428
27950 0.341139
28000 0.342322
28050 0.343858
28100 0.34519
28150 0.346871
28200 0.346998
28250 0.348796
28300 0.349707
28350 0.350556
28400 0.351935
28450 0.352884
28500 0.355415
28550 0.355477
28600 0.356583
28650 0.358132
28700 0.359385
28750 0.360536
28800 0.362874
28850 0.364051
28900 0.366251
28950 0.367039
29000 0.367959
29050 0.368801
29100 0.369619
29150 0.371207
29200 0.37192
29250 0.372994
29300 0.37535
29350 0.376654
29400 0.378292
29450 0.378975
29500 0.380009
29550 0.380909
29600 0.382325
29650 0.384288
29700 0.38572
29750 0.386294
29800 0.387331
29850 0.388935
29900 0.39006
29950 0.39157
30000 0.393131
30050 0.39381
30100 0.397603
30150 0.397886
30200 0.397978
30250 0.399408
30300 0.402044
30350 0.402641
30400 0.403523
30450 0.404926
30500 0.406336
30550 0.407493
30600 0.408593
30650 0.409822
30700 0.411296
30750 0.413504
30800 0.413877
30850 0.415689
30900 0.416678
30950 0.419262
31000 0.419285
31050 0.421483
31100 0.422043
31150 0.423467
31200 0.426192
31250 0.426452
31300 0.428011
31350 0.430604
31400 0.430204
31450 0.431692
31500 0.433062
31550 0.435408
31600 0.437477
31650 0.437415
31700 0.438793
31750 0.440526
31800 0.441453
31850 0.443278
31900 0.444813
31950 0.44561
32000 0.448181
32050 0.448288
32100 0.449616
32150 0.451218
32200 0.453414
32250 0.454046
32300 0.455342
32350 0.458596
32400 0.459216
32450 0.460144
32500 0.464152
32550 0.463871
32600 0.466012
32650 0.465978
32700 0.467325
32750 0.468874
32800 0.470164
32850 0.47131
32900 0.472813
32950 0.475685
33000 0.475479
33050 0.477398
33100 0.478505
33150 0.481394
33200 0.481549
33250 0.482848
33300 0.484552
33350 0.486783
33400 0.487196
33450 0.489078
33500 0.492171
33550 0.492085
33600 0.493183
33650 0.495213
33700 0.496107
33750 0.497355
33800 0.498868
33850 0.500517
33900 0.501955
33950 0.50335
34000 0.50527
34050 0.508483
34100 0.508165
34150 0.510742
34200 0.51081
34250 0.512266
34300 0.515621
34350 0.515409
34400 0.517892
34450 0.518675
34500 0.519902
34550 0.521243
34600 0.522895
34650 0.525465
34700 0.529005
34750 0.529277
34800 0.528915
34850 0.530678
34900 0.533264
34950 0.533528
35000 0.537672
35050 0.537759
35100 0.539483
35150 0.541003
35200 0.541163
35250 0.543045
35300 0.544327
35350 0.547677
35400 0.547591
35450 0.551225
35500 0.550856
35550 0.553647
35600 0.554896
35650 0.555263
35700 0.556589
35750 0.558154
35800 0.561821
35850 0.561595
35900 0.564383
35950 0.567508
36000 0.567801
36050 0.57
36100 0.569343
36150 0.570898
36200 0.573378
36250 0.575497
36300 0.578412
36350 0.578269
36400 0.57895
36450 0.580316
36500 0.584212
36550 0.584007
36600 0.586018
36650 0.587768
36700 0.590878
36750 0.592041
36800 0.591713
36850 0.594282
36900 0.594781
36950 0.598123
37000 0.598161
37050 0.599564
37100 0.603022
37150 0.603257
37200 0.604698
37250 0.608198
37300 0.608313
37350 0.611455
37400 0.611822
37450 0.613776
37500 0.614568
37550 0.617214
37600 0.619622
37650 0.620439
37700 0.621775
37750 0.625667
37800 0.62696
37850 0.626782
37900 0.628377
37950 0.633593
38000 0.631922
38050 0.636093
38100 0.63568
38150 0.636826
38200 0.639399
38250 0.640943
38300 0.643947
38350 0.645093
38400 0.646035
38450 0.646303
38500 0.648131
38550 0.651066
38600 0.65171
38650 0.653021
38700 0.656326
38750 0.657599
38800 0.660304
38850 0.662172
38900 0.66251
38950 0.664624
39000 0.665105
39050 0.666529
39100 0.670364
39150 0.672241
39200 0.672043
39250 0.674131
39300 0.674903
39350 0.679501
39400 0.678164
39450 0.680893
39500 0.683456
39550 0.68384
39600 0.685798
39650 0.687384
39700 0.691146
39750 0.692927
39800 0.693753
39850 0.694536
39900 0.698449
39950 0.697549
40000 0.702658
40050 0.701314
40100 0.703046
40150 0.705629
40200 0.707007
40250 0.709698
40300 0.713355
40350 0.712106
40400 0.715352
40450 0.718748
40500 0.720286
40550 0.719863
40600 0.72075
40650 0.72313
40700 0.72651
40750 0.728259
40800 0.727483
40850 0.731256
40900 0.732552
40950 0.733469
41000 0.736824
41050 0.73945
41100 0.73952
41150 0.742721
41200 0.744327
41250 0.746212
41300 0.746505
41350 0.747982
41400 0.749202
41450 0.751067
41500 0.753726
41550 0.754771
41600 0.757326
41650 0.760604
41700 0.760141
41750 0.765043
41800 0.765702
41850 0.768793
41900 0.768816
41950 0.772669
42000 0.773376
42050 0.77729
42100 0.776224
42150 0.776649
42200 0.781486
42250 0.783176
42300 0.78629
42350 0.787208
42400 0.786937
42450 0.788685
42500 0.792538
42550 0.791426
42600 0.795448
42650 0.796483
42700 0.799849
42750 0.798945
42800 0.803433
42850 0.805226
42900 0.808027
42950 0.809527
43000 0.808603
43050 0.811222
43100 0.814318
43150 0.816778
43200 0.819282
43250 0.821213
43300 0.820906
43350 0.82373
43400 0.826369
43450 0.827473
43500 0.827246
43550 0.832586
43600 0.833102
43650 0.83581
43700 0.837649
43750 0.838875
43800 0.840429
43850 0.842596
43900 0.845677
43950 0.845077
44000 0.849286
44050 0.848864
44100 0.850821
44150 0.856334
44200 0.856561
44250 0.859565
44300 0.861152
44350 0.86125
44400 0.865143
44450 0.863514
44500 0.865991
44550 0.871321
44600 0.87058
44650 0.872821
44700 0.873663
44750 0.878792
44800 0.879886
44850 0.87931
44900 0.884059
44950 0.884428
