50 1.7643e-05
100 5.5234e-05
150 0.000117379
200 0.000232308
250 0.000196109
300 0.000276313
350 0.000373971
400 0.000447157
450 0.000519926
500 0.00059883
550 0.000688108
600 0.000834682
650 0.000976926
700 0.000801267
750 0.000369923
800 0.000429479
850 0.000488836
900 0.000527969
950 0.000606854
1000 0.000676681
1050 0.000726195
1100 0.000792469
1150 0.000878736
1200 0.000966109
1250 0.00102341
1300 0.00111335
1350 0.0012662
1400 0.0012637
1450 0.00135286
1500 0.00145092
1550 0.00157184
1600 0.00169495
1650 0.00177677
1700 0.00184067
1750 0.00195325
1800 0.00209331
1850 0.00218787
1900 0.00232157
1950 0.00243928
2000 0.00258676
2050 0.00272244
2100 0.00293338
2150 0.00298846
2200 0.0030989
2250 0.00331993
2300 0.00339707
2350 0.00381569
2400 0.0036611
2450 0.00380518
2500 0.00399515
2550 0.00418724
2600 0.00435283
2650 0.00454607
2700 0.00468057
2750 0.00485769
2800 0.00507411
2850 0.00516018
2900 0.00534835
2950 0.00571826
3000 0.00578968
3050 0.00592688
3100 0.00605382
3150 0.00630526
3200 0.00658127
3250 0.00672923
3300 0.00699681
3350 0.00719123
3400 0.00755154
3450 0.00767036
3500 0.00777366
3550 0.00815228
3600 0.00834029
3650 0.00844339
3700 0.00871427
3750 0.00891964
3800 0.00930331
3850 0.00929692
3900 0.0137057
3950 0.010229
4000 0.0100811
4050 0.0103909
4100 0.0107961
4150 0.0112022
4200 0.0111986
4250 0.011371
4300 0.0118137
4350 0.0118944
4400 0.012393
4450 0.0125561
4500 0.0127159
4550 0.0133131
4600 0.0135077
4650 0.013924
4700 0.0141953
4750 0.0145496
4800 0.0146628
4850 0.0150786
4900 0.0152107
4950 0.0156092
5000 0.0161096
5050 0.0161522
5100 0.0165579
5150 0.016978
5200 0.0184059
5250 0.0176795
5300 0.0178211
5350 0.0183607
5400 0.0185969
5450 0.0188733
5500 0.019257
5550 0.0198045
5600 0.0200168
5650 0.0203074
5700 0.0205559
5750 0.0208845
5800 0.0215507
5850 0.0221259
5900 0.0223857
5950 0.0226445
6000 0.023121
6050 0.0229452
6100 0.0237192
6150 0.0243907
6200 0.0243742
6250 0.0248982
6300 0.0251479
6350 0.0256824
6400 0.0258982
6450 0.0265418
6500 0.027301
6550 0.0272706
6600 0.0278864
6650 0.0278145
6700 0.0287488
6750 0.0291442
6800 0.0291215
6850 0.0298273
6900 0.0304875
6950 0.0308051
7000 0.0317554
7050 0.0319711
7100 0.0322205
7150 0.0324936
7200 0.03406
7250 0.0335939
7300 0.0338976
7350 0.0341122
7400 0.0344928
7450 0.0356976
7500 0.0360451
7550 0.0362262
7600 0.0377114
7650 0.037359
7700 0.0374413
7750 0.038729
7800 0.0391847
7850 0.0394211
7900 0.0392247
7950 0.0403663
8000 0.0458135
8050 0.0436676
8100 0.0415445
8150 0.0421199
8200 0.0426844
8250 0.0430871
8300 0.0438188
8350 0.0441936
8400 0.0449443
8450 0.0452042
8500 0.0457108
8550 0.0462426
8600 0.0476385
8650 0.0476371
8700 0.0483598
8750 0.0491932
8800 0.0497525
8850 0.0501254
8900 0.051058
8950 0.0511131
9000 0.0519719
9050 0.0518453
9100 0.0532524
9150 0.0536864
9200 0.0540499
9250 0.0542276
9300 0.0547198
9350 0.0552965
9400 0.0575178
9450 0.0567093
9500 0.0572983
9550 0.0575243
9600 0.0587035
9650 0.0594143
9700 0.0599961
9750 0.0601563
9800 0.0615643
9850 0.0615542
9900 0.0627863
9950 0.0630504
10000 0.063027
10050 0.0648187
10100 0.0653667
10150 0.0659649
10200 0.0658642
10250 0.066639
10300 0.067935
10350 0.0674468
10400 0.0684835
10450 0.0711743
10500 0.069654
10550 0.070714
10600 0.0721425
10650 0.0720445
10700 0.0722597
10750 0.0733599
10800 0.0736732
10850 0.0748382
10900 0.0755977
10950 0.0754233
11000 0.0767704
11050 0.0768427
11100 0.0782783
11150 0.079336
11200 0.0809533
11250 0.0801821
11300 0.0815759
11350 0.0820521
11400 0.0826687
11450 0.0830198
11500 0.0845166
11550 0.0854815
11600 0.0852601
11650 0.0871091
11700 0.0865926
11750 0.0876253
11800 0.0879986
11850 0.088646
11900 0.0916345
11950 0.0899767
12000 0.0910402
12050 0.0917719
12100 0.0931112
12150 0.0935783
12200 0.0949637
12250 0.0945697
12300 0.0955014
12350 0.0967142
12400 0.0991755
12450 0.0981834
12500 0.099112
12550 0.0990661
12600 0.100531
12650 0.101552
12700 0.102156
12750 0.102935
12800 0.104202
12850 0.104657
12900 0.105752
12950 0.107168
13000 0.108271
13050 0.108152
13100 0.109428
13150 0.109206
13200 0.121282
13250 0.110291
13300 0.122046
13350 0.114177
13400 0.113718
13450 0.1157
13500 0.115436
13550 0.116204
13600 0.117559
13650 0.132567
13700 0.118891
13750 0.119703
13800 0.132094
13850 0.121151
13900 0.123182
13950 0.127662
14000 0.126243
14050 0.125684
14100 0.126108
14150 0.127071
14200 0.128382
14250 0.12946
14300 0.133686
14350 0.13109
14400 0.132028
14450 0.133232
14500 0.133991
14550 0.134817
14600 0.135736
14650 0.135678
14700 0.136968
14750 0.13759
14800 0.138544
14850 0.140632
14900 0.139794
14950 0.141048
15000 0.15196
15050 0.143612
15100 0.162689
15150 0.145522
15200 0.148718
15250 0.151618
15300 0.147767
15350 0.154304
15400 0.151416
15450 0.15129
15500 0.152425
15550 0.153219
15600 0.156708
15650 0.15522
15700 0.155959
15750 0.15805
15800 0.158735
15850 0.162477
15900 0.161059
15950 0.161081
16000 0.161545
16050 0.162892
16100 0.168577
16150 0.164989
16200 0.165396
16250 0.167924
16300 0.16848
16350 0.168978
16400 0.172001
16450 0.171558
16500 0.172488
16550 0.173628
16600 0.173416
16650 0.175556
16700 0.176758
16750 0.176939
16800 0.18293
16850 0.17979
16900 0.180957
16950 0.182427
17000 0.183158
17050 0.185063
17100 0.184784
17150 0.188258
17200 0.196261
17250 0.188816
17300 0.189496
17350 0.191945
17400 0.192418
17450 0.192784
17500 0.193371
17550 0.201701
17600 0.199116
17650 0.197523
17700 0.198589
17750 0.199521
17800 0.198696
17850 0.201714
17900 0.202237
17950 0.20391
18000 0.205249
18050 0.206027
18100 0.206603
18150 0.211382
18200 0.210942
18250 0.211177
18300 0.212638
18350 0.213684
18400 0.217226
18450 0.216142
18500 0.216633
18550 0.218439
18600 0.218692
18650 0.219942
18700 0.221502
18750 0.223534
18800 0.223203
18850 0.224936
18900 0.226228
18950 0.228015
19000 0.22767
19050 0.229609
19100 0.231453
19150 0.23301
19200 0.234751
19250 0.234746
19300 0.236537
19350 0.246633
19400 0.239729
19450 0.240366
19500 0.240672
19550 0.243332
19600 0.24433
19650 0.244593
19700 0.248158
19750 0.246835
19800 0.248339
19850 0.250454
19900 0.25173
19950 0.252957
20000 0.254023
20050 0.254425
20100 0.258094
20150 0.259041
20200 0.258861
20250 0.260828
20300 0.262108
20350 0.262733
20400 0.264534
20450 0.265542
20500 0.271876
20550 0.267305
20600 0.266527
20650 0.272526
20700 0.271859
20750 0.272977
20800 0.274563
20850 0.275121
20900 0.276664
20950 0.278192
21000 0.279953
21050 0.280748
21100 0.282988
21150 0.283994
21200 0.288156
21250 0.297161
21300 0.288311
21350 0.289064
21400 0.290172
21450 0.291791
21500 0.296203
21550 0.294939
21600 0.304664
21650 0.303564
21700 0.301299
21750 0.301212
21800 0.314618
21850 0.302659
21900 0.306896
21950 0.305201
22000 0.308852
22050 0.309046
22100 0.31055
22150 0.311494
22200 0.313343
22250 0.314655
22300 0.323249
22350 0.318362
22400 0.323067
22450 0.320766
22500 0.321572
22550 0.335764
22600 0.325958
22650 0.325344
22700 0.327251
22750 0.33045
22800 0.330016
22850 0.331553
22900 0.332068
22950 0.332945
23000 0.340156
23050 0.336427
23100 0.337769
23150 0.340243
23200 0.341618
23250 0.343549
23300 0.344866
23350 0.345251
23400 0.350077
23450 0.355135
23500 0.349753
23550 0.355777
23600 0.356367
23650 0.35672
23700 0.357475
23750 0.358616
23800 0.361199
23850 0.368615
23900 0.371548
23950 0.363601
24000 0.365403
24050 0.365862
24100 0.369176
24150 0.389146
24200 0.373735
24250 0.374583
24300 0.374189
24350 0.378676
24400 0.379526
24450 0.385755
24500 0.380525
24550 0.381271
24600 0.383134
24650 0.386336
24700 0.387704
24750 0.390643
24800 0.39197
24850 0.392331
24900 0.399214
24950 0.398943
25000 0.396673
25050 0.397883
25100 0.402302
25150 0.400347
25200 0.404603
25250 0.404274
25300 0.405166
25350 0.412379
25400 0.418287
25450 0.412976
25500 0.418938
25550 0.418318
25600 0.415337
25650 0.441064
25700 0.421991
25750 0.429258
25800 0.425293
25850 0.429919
25900 0.425052
25950 0.426643
26000 0.433941
26050 0.443999
26100 0.446789
26150 0.434441
26200 0.434992
26250 0.453305
26300 0.438885
26350 0.44399
26400 0.440213
26450 0.445444
26500 0.445748
26550 0.449882
26600 0.453668
26650 0.450627
26700 0.451116
26750 0.457169
26800 0.457209
26850 0.459753
26900 0.46023
26950 0.462174
27000 0.467303
27050 0.465423
27100 0.470641
27150 0.480443
27200 0.476414
27250 0.474459
27300 0.480703
27350 0.47373
27400 0.476212
27450 0.478189
27500 0.483137
27550 0.488053
27600 0.490633
27650 0.483557
27700 0.487328
27750 0.488704
27800 0.488934
27850 0.494234
27900 0.515299
27950 0.50452
28000 0.500493
28050 0.499535
28100 0.505408
28150 0.500497
28200 0.503978
28250 0.505828
28300 0.508613
28350 0.515398
28400 0.513187
28450 0.513046
28500 0.514983
28550 0.521414
28600 0.539997
28650 0.518962
28700 0.523003
28750 0.534128
28800 0.525819
28850 0.526338
28900 0.532732
28950 0.53132
29000 0.53696
29050 0.535061
29100 0.543909
29150 0.549075
29200 0.543184
29250 0.546678
29300 0.547613
29350 0.557332
29400 0.550424
29450 0.558128
29500 0.554911
29550 0.554405
29600 0.55595
29650 0.566634
29700 0.562414
29750 0.566722
29800 0.579071
29850 0.570086
29900 0.5733
29950 0.569259
30000 0.57495
30050 0.57766
30100 0.575681
30150 0.621248
30200 0.589217
30250 0.581366
30300 0.589388
30350 0.58424
30400 0.586221
30450 0.589012
30500 0.596762
30550 0.589927
30600 0.596337
30650 0.608033
30700 0.601806
30750 0.601576
30800 0.604158
30850 0.605437
30900 0.608661
30950 0.611176
31000 0.616207
31050 0.612386
31100 0.619479
31150 0.630809
31200 0.622437
31250 0.625532
31300 0.624979
31350 0.62826
31400 0.626588
31450 0.626243
31500 0.629408
31550 0.632785
31600 0.635086
31650 0.638897
31700 0.639186
31750 0.649572
31800 0.646558
31850 0.6447
31900 0.6464
31950 0.649794
32000 0.648413
32050 0.653329
32100 0.658399
32150 0.655306
32200 0.659415
32250 0.660316
32300 0.661274
32350 0.666608
32400 0.679417
32450 0.671658
32500 0.698156
32550 0.673321
32600 0.676009
32650 0.678255
32700 0.680812
32750 0.680256
32800 0.686771
32850 0.684012
32900 0.688189
32950 0.704694
33000 0.692225
33050 0.694114
33100 0.695604
33150 0.706033
33200 0.704431
33250 0.701095
33300 0.704141
33350 0.70708
33400 0.710173
33450 0.710819
33500 0.712806
33550 0.717422
33600 0.717612
33650 0.723786
33700 0.725124
33750 0.730708
33800 0.725654
33850 0.734123
33900 0.731861
33950 0.737769
34000 0.743963
34050 0.739542
34100 0.740318
34150 0.747327
34200 0.748238
34250 0.745033
34300 0.747555
34350 0.753849
34400 0.754304
34450 0.766367
34500 0.756173
34550 0.75945
34600 0.776432
34650 0.77175
34700 0.767012
34750 0.766273
34800 0.769613
34850 0.778378
34900 0.7734
34950 0.777538
35000 0.779106
35050 0.784413
35100 0.824087
35150 0.800958
35200 0.790879
35250 0.815152
35300 0.794569
35350 0.799129
35400 0.795948
35450 0.800046
35500 0.822838
35550 0.803528
35600 0.805887
35650 0.811885
35700 0.810839
35750 0.812321
35800 0.828669
35850 0.817803
35900 0.840431
35950 0.823831
36000 0.822448
36050 0.826516
36100 0.824878
36150 0.84082
36200 0.836522
36250 0.837748
36300 0.844451
36350 0.851513
36400 0.843742
36450 0.849461
36500 0.846983
36550 0.850575
36600 0.854204
36650 0.85479
36700 0.866642
36750 0.85828
36800 0.864466
36850 0.866042
36900 0.866519
36950 0.881035
37000 0.872633
37050 0.872527
37100 0.87349
37150 0.913911
37200 0.891518
37250 0.885346
37300 0.882296
37350 0.88929
37400 0.887474
37450 0.900438
37500 0.898818
37550 0.905634
37600 0.90623
37650 0.90573
37700 0.904169
37750 0.905964
37800 0.912344
37850 0.946137
37900 0.918788
37950 0.918237
38000 0.927313
38050 0.924888
38100 0.941374
38150 0.926684
38200 0.930111
38250 0.929983
38300 0.933332
38350 0.93867
38400 0.940195
38450 0.942645
38500 0.945024
38550 0.951095
38600 0.946681
38650 0.951528
38700 0.951762
38750 0.950553
38800 0.959542
38850 0.957127
38900 0.962696
38950 0.966879
39000 0.972443
39050 0.972281
39100 0.972845
39150 0.971178
39200 0.97583
39250 1.00233
39300 0.983476
39350 0.985612
39400 0.989195
39450 0.994211
39500 0.998605
39550 1.00053
39600 1.01514
39650 0.997627
39700 1.00352
39750 1.0188
39800 1.03254
39850 1.03345
39900 1.02036
39950 1.04617
40000 1.02069
40050 1.02968
40100 1.02613
40150 1.02727
40200 1.02612
40250 1.02804
40300 1.03732
40350 1.03538
40400 1.03901
40450 1.04102
40500 1.06914
40550 1.05162
40600 1.05287
40650 1.0481
40700 1.0558
40750 1.05874
40800 1.07659
40850 1.06198
40900 1.08385
40950 1.06504
41000 1.08114
41050 1.08802
41100 1.07443
41150 1.08272
41200 1.08739
41250 1.08897
41300 1.10641
41350 1.09629
41400 1.09528
41450 1.09968
41500 1.107
41550 1.12161
41600 1.1112
41650 1.11768
41700 1.12496
41750 1.12273
41800 1.13197
41850 1.11288
41900 1.12009
41950 1.12391
42000 1.1218
42050 1.13698
42100 1.15697
42150 1.15537
42200 1.14369
42250 1.1663
42300 1.16684
42350 1.15229
42400 1.18396
42450 1.16668
42500 1.17237
42550 1.17686
42600 1.15074
42650 1.15622
42700 1.17565
42750 1.18022
42800 1.1674
42850 1.19295
42900 1.19441
42950 1.18853
43000 1.19941
43050 1.18882
43100 1.18355
43150 1.18388
43200 1.1941
43250 1.19398
43300 1.2079
43350 1.21099
43400 1.20366
43450 1.21673
43500 1.21174
43550 1.21024
43600 1.22592
43650 1.21955
43700 1.22154
43750 1.2444
43800 1.22426
43850 1.23193
43900 1.23677
43950 1.24181
44000 1.23958
44050 1.23635
44100 1.2634
44150 1.25232
44200 1.25368
44250 1.25142
44300 1.25682
44350 1.26196
44400 1.25104
44450 1.25686
44500 1.26171
44550 1.26858
44600 1.27776
44650 1.27249
44700 1.27049
44750 1.27546
44800 1.2986
44850 1.29156
44900 1.28889
44950 1.28288
